-2.00002,-0.49999
-2.00002,-0.49999
-2.00005,-0.499992
-2.00015,-0.499997
-2.0003,-0.500006
-2.00045,-0.500018
-2.0006,-0.500032
-2.00075,-0.500048
-2.0009,-0.500067
-2.00105,-0.500088
-2.0012,-0.500113
-2.00134,-0.500139
-2.00149,-0.500167
-2.00164,-0.500199
-2.00178,-0.500233
-2.00193,-0.500269
-2.00208,-0.500308
-2.00222,-0.500349
-2.00236,-0.500392
-2.00251,-0.500439
-2.00265,-0.500486
-2.00279,-0.500537
-2.00293,-0.500591
-2.00307,-0.500646
-2.00321,-0.500703
-2.00335,-0.500764
-2.00349,-0.500826
-2.00362,-0.500891
-2.00376,-0.500959
-2.0039,-0.501028
-2.00403,-0.501099
-2.00416,-0.501174
-2.00429,-0.501249
-2.00442,-0.501326
-2.00455,-0.501407
-2.00467,-0.501488
-2.0048,-0.501571
-2.00492,-0.501658
-2.00504,-0.501745
-2.00518,-0.501834
-2.00536,-0.501908
-2.00559,-0.501937
-2.00586,-0.50192
-2.00615,-0.501889
-2.00644,-0.501876
-2.0067,-0.501904
-2.00689,-0.501986
-2.007,-0.502089
-2.0071,-0.502193
-2.00721,-0.502301
-2.00731,-0.502408
-2.00741,-0.502516
-2.00751,-0.502629
-2.00761,-0.502741
-2.0077,-0.502854
-2.00779,-0.502972
-2.00788,-0.503087
-2.00797,-0.503204
-2.00806,-0.503327
-2.00814,-0.503447
-2.00822,-0.503568
-2.00831,-0.503694
-2.00838,-0.503818
-2.00846,-0.503944
-2.00853,-0.504074
-2.00861,-0.504202
-2.00868,-0.504331
-2.00874,-0.504466
-2.00881,-0.504597
-2.00887,-0.50473
-2.00893,-0.504868
-2.00899,-0.505002
-2.00905,-0.505138
-2.00891,-0.504819
-2.00847,-0.503745
-2.00774,-0.501924
-2.00679,-0.499428
-2.00569,-0.496511
-2.00453,-0.493419
-2.00333,-0.490233
-2.00216,-0.48714
-2.001,-0.484048
-1.9998,-0.480861
-1.99864,-0.477769
-1.99747,-0.474678
-1.99628,-0.471493
-1.99512,-0.468408
-1.99396,-0.465343
-1.99278,-0.462178
-1.99162,-0.459089
-1.99046,-0.456005
-1.98928,-0.452863
-1.98815,-0.44986
-1.98701,-0.446859
-1.98582,-0.443723
-1.98465,-0.440642
-1.98348,-0.43756
-1.98228,-0.434385
-1.98111,-0.431302
-1.97994,-0.428219
-1.97873,-0.425042
-1.97756,-0.421959
-1.97639,-0.418874
-1.97521,-0.415749
-1.97392,-0.41222
-1.97244,-0.408052
-1.97076,-0.403289
-1.96912,-0.398616
-1.96748,-0.393944
-1.96592,-0.389524
-1.96465,-0.385937
-1.9636,-0.383004
-1.96261,-0.380314
-1.96159,-0.377501
-1.96049,-0.374455
-1.95933,-0.371254
-1.95821,-0.368149
-1.95709,-0.365051
-1.95595,-0.36188
-1.95483,-0.358788
-1.95372,-0.355698
-1.95259,-0.352571
-1.9515,-0.34956
-1.9504,-0.34653
-1.94924,-0.343352
-1.94811,-0.340256
-1.94698,-0.33716
-1.94582,-0.333969
-1.94469,-0.330872
-1.94356,-0.327774
-1.94239,-0.324582
-1.94126,-0.321483
-1.94013,-0.318383
-1.93897,-0.31519
-1.93784,-0.312089
-1.93671,-0.308988
-1.93554,-0.305793
-1.93441,-0.302691
-1.93328,-0.299588
-1.93211,-0.296391
-1.93098,-0.293287
-1.92985,-0.290183
-1.92857,-0.286669
-1.92713,-0.282726
-1.92555,-0.278363
-1.92386,-0.273665
-1.9222,-0.269049
-1.92055,-0.264441
-1.91888,-0.259803
-1.91736,-0.25555
-1.91598,-0.251607
-1.9147,-0.247904
-1.91355,-0.244528
-1.91249,-0.241372
-1.91141,-0.238153
-1.91036,-0.235029
-1.90931,-0.231904
-1.90823,-0.228684
-1.90718,-0.225558
-1.90612,-0.222432
-1.90504,-0.21921
-1.90399,-0.216082
-1.90294,-0.212954
-1.90186,-0.209731
-1.9008,-0.206602
-1.89975,-0.203472
-1.89867,-0.200247
-1.89761,-0.197116
-1.89656,-0.193985
-1.89548,-0.190758
-1.89442,-0.187626
-1.89337,-0.184494
-1.89228,-0.181267
-1.89123,-0.178135
-1.89018,-0.175004
-1.88909,-0.17178
-1.88804,-0.168653
-1.887,-0.165542
-1.88592,-0.162342
-1.88487,-0.159219
-1.88382,-0.156072
-1.88267,-0.15269
-1.88144,-0.14916
-1.88007,-0.145322
-1.87853,-0.141184
-1.87693,-0.136967
-1.87542,-0.133064
-1.8742,-0.129893
-1.87307,-0.12697
-1.87188,-0.123893
-1.87065,-0.120722
-1.86946,-0.117644
-1.86827,-0.114565
-1.86704,-0.111392
-1.86585,-0.108313
-1.86466,-0.105232
-1.86343,-0.102058
-1.86224,-0.0989764
-1.86105,-0.0958945
-1.85982,-0.0927191
-1.85863,-0.0896372
-1.85744,-0.0865556
-1.85621,-0.0833812
-1.85502,-0.0803009
-1.85383,-0.0772228
-1.85261,-0.0740639
-1.85143,-0.0710158
-1.85024,-0.0679428
-1.84903,-0.0648039
-1.84787,-0.0618091
-1.84671,-0.0588207
-1.8455,-0.0557059
-1.8443,-0.052637
-1.8431,-0.0495667
-1.84187,-0.0464031
-1.84067,-0.0433322
-1.83947,-0.0402607
-1.83823,-0.0370957
-1.8369,-0.0336841
-1.83529,-0.0295897
-1.83344,-0.024917
-1.83161,-0.0203157
-1.82978,-0.0157136
-1.8279,-0.0109712
-1.82624,-0.00680211
-1.82489,-0.00341044
-1.82362,-0.000246748
-1.8224,0.00282102
-1.82117,0.00588867
-1.8199,0.00904898
-1.81867,0.0121158
-1.81745,0.0151816
-1.81618,0.0183386
-1.81496,0.0213925
-1.81375,0.0244256
-1.81249,0.0275752
-1.81127,0.0306129
-1.81008,0.033598
-1.80884,0.036662
-1.80763,0.0396666
-1.8064,0.0427193
-1.80513,0.0458679
-1.80389,0.048924
-1.80266,0.0519806
-1.80139,0.0551302
-1.80015,0.0581878
-1.79892,0.0612458
-1.79765,0.064397
-1.79641,0.0674561
-1.79517,0.0705156
-1.7939,0.0736685
-1.79266,0.0767291
-1.79143,0.0797903
-1.79015,0.0829448
-1.78892,0.086007
-1.78754,0.089425
-1.78583,0.093636
-1.78399,0.0982
-1.78213,0.102793
-1.78022,0.107524
-1.77836,0.112115
-1.77655,0.116587
-1.77476,0.120981
-1.77309,0.125025
-1.77149,0.128831
-1.76994,0.132474
-1.76859,0.135667
-1.7673,0.138696
-1.76598,0.141822
-1.76469,0.144856
-1.7634,0.14789
-1.76208,0.151017
-1.76079,0.154052
-1.7595,0.157088
-1.75817,0.160216
-1.75689,0.163252
-1.7556,0.166289
-1.75427,0.169419
-1.75298,0.172457
-1.75169,0.175496
-1.75036,0.178627
-1.74907,0.181667
-1.74778,0.184707
-1.74645,0.18784
-1.74516,0.190882
-1.74387,0.193923
-1.74254,0.197058
-1.74125,0.200099
-1.73996,0.203141
-1.73863,0.206275
-1.73734,0.209315
-1.73601,0.212449
-1.7346,0.215796
-1.73321,0.219113
-1.73181,0.222501
-1.73031,0.226124
-1.72875,0.229877
-1.72718,0.233586
-1.72578,0.236879
-1.7245,0.239915
-1.72321,0.242951
-1.72189,0.246079
-1.7206,0.249116
-1.71932,0.252153
-1.71799,0.255283
-1.71671,0.258322
-1.71542,0.261361
-1.7141,0.264493
-1.71281,0.267533
-1.71152,0.270573
-1.71019,0.273707
-1.70891,0.276748
-1.70762,0.27979
-1.70629,0.282925
-1.705,0.285968
-1.70371,0.289011
-1.70238,0.292146
-1.7011,0.295188
-1.69981,0.298229
-1.69848,0.301362
-1.6972,0.304396
-1.69592,0.307406
-1.69461,0.31052
-1.69333,0.313547
-1.69207,0.316523
-1.69078,0.319561
-1.68951,0.322528
-1.68822,0.325547
-1.6868,0.328871
-1.68523,0.332527
-1.68344,0.336615
-1.68145,0.341096
-1.67944,0.345615
-1.67742,0.350136
-1.67559,0.354264
-1.67424,0.357295
-1.67295,0.360177
-1.67156,0.363283
-1.67022,0.366299
-1.66887,0.369315
-1.66748,0.372422
-1.66614,0.375439
-1.66479,0.378457
-1.6634,0.381566
-1.66205,0.384583
-1.66071,0.387599
-1.65932,0.390707
-1.65797,0.393722
-1.65663,0.396733
-1.65525,0.399815
-1.65392,0.402801
-1.65258,0.405808
-1.65122,0.408863
-1.64991,0.411789
-1.64859,0.414724
-1.64721,0.417795
-1.64586,0.420801
-1.64451,0.423806
-1.64311,0.426903
-1.64176,0.42991
-1.64041,0.432917
-1.63901,0.436015
-1.63766,0.439023
-1.63631,0.442031
-1.63491,0.445131
-1.63356,0.448141
-1.63203,0.45153
-1.63011,0.455786
-1.62807,0.46029
-1.62602,0.464801
-1.62391,0.46945
-1.62187,0.473962
-1.61995,0.478182
-1.61822,0.481983
-1.61668,0.485316
-1.6152,0.488482
-1.61373,0.491627
-1.61233,0.494621
-1.61093,0.497607
-1.60949,0.500683
-1.6081,0.50364
-1.60674,0.506547
-1.60533,0.509539
-1.60394,0.512481
-1.60253,0.51546
-1.60108,0.51853
-1.59967,0.52151
-1.59826,0.52449
-1.59681,0.527561
-1.5954,0.530543
-1.59399,0.533524
-1.59254,0.536597
-1.59113,0.53958
-1.58972,0.542563
-1.58826,0.545637
-1.58685,0.548622
-1.58544,0.551606
-1.58399,0.554682
-1.58258,0.557668
-1.58117,0.560655
-1.57971,0.563732
-1.5783,0.566719
-1.57689,0.569707
-1.57543,0.572785
-1.57392,0.575976
-1.57226,0.579503
-1.57045,0.583366
-1.56868,0.58722
-1.5669,0.591146
-1.56507,0.595271
-1.56335,0.599145
-1.56182,0.602644
-1.5604,0.605948
-1.5591,0.608982
-1.5578,0.61201
-1.55646,0.615131
-1.55516,0.618161
-1.55386,0.621191
-1.55252,0.624313
-1.55122,0.627344
-1.54991,0.630376
-1.54857,0.6335
-1.54727,0.636533
-1.54597,0.639566
-1.54463,0.642691
-1.54332,0.645725
-1.54202,0.64876
-1.54068,0.651887
-1.53938,0.654923
-1.53807,0.657959
-1.53673,0.661088
-1.53542,0.664124
-1.53412,0.667161
-1.53278,0.670288
-1.53147,0.673323
-1.53017,0.676356
-1.52883,0.679474
-1.52754,0.682476
-1.52625,0.685493
-1.52492,0.688603
-1.52364,0.691568
-1.52238,0.69451
-1.52101,0.697674
-1.51953,0.701046
-1.51786,0.704798
-1.51597,0.708925
-1.514,0.713156
-1.51191,0.717611
-1.51,0.72171
-1.50859,0.724725
-1.50763,0.726776
-1.50708,0.727952
-1.50653,0.729132
-1.50565,0.731057
-1.50439,0.73382
-1.50302,0.736826
-1.50165,0.739831
-1.50024,0.742928
-1.49887,0.745934
-1.4975,0.748941
-1.49609,0.75204
-1.49472,0.755047
-1.49335,0.758054
-1.49194,0.761152
-1.49057,0.764158
-1.4892,0.767162
-1.48779,0.770254
-1.48643,0.773235
-1.48508,0.776206
-1.4837,0.779257
-1.48237,0.782171
-1.48103,0.785084
-1.47964,0.788126
-1.47826,0.79112
-1.47688,0.794115
-1.47547,0.7972
-1.47409,0.800196
-1.47272,0.803191
-1.4713,0.806279
-1.46992,0.809275
-1.46854,0.812273
-1.46713,0.815361
-1.46558,0.818729
-1.46369,0.82282
-1.46155,0.827434
-1.45947,0.831927
-1.45738,0.83642
-1.45524,0.841051
-1.45331,0.845197
-1.45168,0.848706
-1.45027,0.851713
-1.44915,0.854074
-1.44827,0.855888
-1.44757,0.857328
-1.44704,0.858381
-1.4467,0.859082
-1.44653,0.859423
-1.44653,0.859417
-1.44657,0.859313
-1.44661,0.859205
-1.44666,0.859099
-1.4467,0.858993
-1.44674,0.858883
-1.44678,0.858775
-1.44681,0.858667
-1.44685,0.858554
-1.44688,0.858445
-1.44691,0.858334
-1.44695,0.85822
-1.44698,0.858108
-1.447,0.857996
-1.44703,0.857879
-1.44706,0.857765
-1.44708,0.857646
-1.44711,0.857511
-1.44714,0.857375
-1.44716,0.857258
-1.44717,0.857138
-1.44719,0.857021
-1.44721,0.856903
-1.44722,0.856782
-1.44723,0.856663
-1.44724,0.856545
-1.44725,0.856422
-1.44726,0.856303
-1.44726,0.856183
-1.44727,0.85606
-1.44727,0.85594
-1.44726,0.85613
-1.44724,0.856999
-1.44719,0.858534
-1.44713,0.860787
-1.44702,0.863824
-1.4469,0.867101
-1.44678,0.8704
-1.44666,0.8738
-1.44654,0.8771
-1.44642,0.8804
-1.44629,0.883801
-1.44617,0.887103
-1.44605,0.890404
-1.44593,0.893804
-1.44581,0.897105
-1.44569,0.900405
-1.44556,0.903804
-1.44544,0.907095
-1.44532,0.910393
-1.4452,0.91379
-1.44508,0.917087
-1.44496,0.920383
-1.44483,0.923779
-1.44472,0.927074
-1.4446,0.930369
-1.44447,0.933762
-1.44435,0.937025
-1.44424,0.940234
-1.44411,0.943529
-1.44398,0.946762
-1.44383,0.950317
-1.44364,0.954616
-1.44339,0.959195
-1.44312,0.964042
-1.44283,0.969135
-1.44255,0.974078
-1.44227,0.979022
-1.442,0.98365
-1.44178,0.987344
-1.44158,0.990259
-1.44141,0.992476
-1.44129,0.993873
-1.44121,0.994595
-1.44117,0.994975
-1.44115,0.995133
-1.44112,0.995281
-1.4411,0.995433
-1.44107,0.995579
-1.44105,0.995725
-1.44101,0.995874
-1.44098,0.996016
-1.44095,0.996154
-1.44092,0.996274
-1.4409,0.996345
-1.4409,0.996362
-1.44091,0.996352
-1.44092,0.996339
-1.44092,0.996344
-1.44084,0.996554
-1.4406,0.997151
-1.44019,0.99816
-1.43957,0.999677
-1.43876,1.00167
-1.43774,1.00419
-1.43655,1.0072
-1.43534,1.01026
-1.43412,1.01333
-1.43287,1.01649
-1.43166,1.01955
-1.43044,1.02262
-1.42919,1.02578
-1.42797,1.02885
-1.42676,1.03192
-1.4255,1.03509
-1.42429,1.03816
-1.42307,1.04123
-1.42182,1.04439
-1.4206,1.04746
-1.41939,1.05053
-1.41814,1.05369
-1.41694,1.05671
-1.41575,1.0597
-1.41452,1.06278
-1.41331,1.06582
-1.41208,1.06888
-1.41081,1.07204
-1.40959,1.0751
-1.40837,1.07815
-1.40707,1.08139
-1.40571,1.08484
-1.40425,1.08864
-1.40267,1.09283
-1.40106,1.09721
-1.39935,1.10184
-1.39759,1.10662
-1.39589,1.11127
-1.39418,1.11591
-1.39242,1.1207
-1.39071,1.12535
-1.389,1.13
-1.38724,1.13479
-1.38553,1.13944
-1.38393,1.14381
-1.38249,1.14779
-1.38128,1.15124
-1.38025,1.15429
-1.37928,1.15738
-1.3783,1.16061
-1.37732,1.16394
-1.37636,1.16722
-1.37543,1.17039
-1.37451,1.17356
-1.37355,1.17681
-1.37263,1.17996
-1.37171,1.18311
-1.37075,1.18637
-1.36983,1.18954
-1.3689,1.1927
-1.36795,1.19596
-1.36702,1.19912
-1.3661,1.20229
-1.36515,1.20555
-1.36422,1.20871
-1.36329,1.21188
-1.36234,1.21514
-1.36141,1.21831
-1.36049,1.22148
-1.35953,1.22474
-1.35861,1.22791
-1.35768,1.23108
-1.35673,1.23434
-1.3558,1.23751
-1.35487,1.24068
-1.35392,1.24395
-1.35299,1.24712
-1.35206,1.25029
-1.35105,1.25375
-1.34995,1.2574
-1.34876,1.26121
-1.34747,1.26516
-1.34613,1.26907
-1.3447,1.27312
-1.34318,1.27731
-1.34181,1.28105
-1.34061,1.28421
-1.33956,1.28684
-1.33875,1.28878
-1.33816,1.29012
-1.33778,1.29094
-1.33736,1.29178
-1.33667,1.29308
-1.33564,1.29495
-1.3344,1.29713
-1.33296,1.29962
-1.33128,1.3025
-1.32961,1.30535
-1.32795,1.3082
-1.32623,1.31113
-1.32456,1.31398
-1.3229,1.31683
-1.32118,1.31976
-1.31951,1.32261
-1.31785,1.32546
-1.31613,1.3284
-1.31446,1.33125
-1.31279,1.3341
-1.31107,1.33704
-1.30941,1.3399
-1.30774,1.34275
-1.30602,1.34569
-1.30435,1.34854
-1.30269,1.35138
-1.30099,1.35428
-1.29936,1.35705
-1.29773,1.35983
-1.29603,1.36272
-1.29439,1.36551
-1.29272,1.36834
-1.291,1.37127
-1.28924,1.37426
-1.28728,1.37761
-1.285,1.38153
-1.28256,1.38573
-1.28009,1.39002
-1.27753,1.39443
-1.27533,1.39824
-1.27365,1.40112
-1.27248,1.40314
-1.27186,1.40423
-1.27159,1.40469
-1.27126,1.40527
-1.27057,1.40655
-1.26951,1.40854
-1.26811,1.41123
-1.26659,1.41415
-1.26507,1.41708
-1.2635,1.4201
-1.26198,1.42304
-1.26046,1.42597
-1.25889,1.42899
-1.25737,1.43192
-1.25585,1.43485
-1.25429,1.43784
-1.25281,1.44069
-1.25132,1.44355
-1.24976,1.44653
-1.24823,1.44945
-1.24671,1.45235
-1.24515,1.45533
-1.24362,1.45825
-1.24209,1.46117
-1.24052,1.46418
-1.23899,1.4671
-1.23746,1.47002
-1.23589,1.47303
-1.23436,1.47596
-1.23283,1.47888
-1.23126,1.48189
-1.22973,1.48481
-1.2282,1.48774
-1.22643,1.49113
-1.22433,1.49514
-1.22203,1.49951
-1.21966,1.50403
-1.21735,1.50841
-1.21505,1.5128
-1.21284,1.517
-1.211,1.52054
-1.20943,1.5236
-1.20807,1.52631
-1.20685,1.52881
-1.20553,1.53155
-1.20412,1.53449
-1.20275,1.53731
-1.20137,1.54015
-1.19991,1.54314
-1.19846,1.5461
-1.19701,1.54905
-1.19553,1.55207
-1.19408,1.55503
-1.19264,1.55799
-1.19114,1.56104
-1.1897,1.564
-1.18825,1.56696
-1.18676,1.57001
-1.18531,1.57298
-1.18386,1.57594
-1.18237,1.57899
-1.18092,1.58195
-1.17947,1.58492
-1.17797,1.58797
-1.17652,1.59094
-1.17507,1.5939
-1.17358,1.59696
-1.17213,1.59992
-1.17068,1.60289
-1.16918,1.60595
-1.16773,1.60891
-1.16628,1.61188
-1.16479,1.61494
-1.16323,1.61811
-1.16149,1.62162
-1.15958,1.62537
-1.15769,1.62898
-1.15573,1.63262
-1.15362,1.63643
-1.15147,1.64024
-1.14932,1.64397
-1.14732,1.64743
-1.14569,1.65019
-1.14434,1.65241
-1.1431,1.6544
-1.14202,1.65608
-1.14089,1.65782
-1.13947,1.66001
-1.13784,1.66253
-1.13606,1.66526
-1.13422,1.66812
-1.13243,1.67088
-1.13063,1.67365
-1.12879,1.6765
-1.12699,1.67927
-1.1252,1.68204
-1.12335,1.6849
-1.12156,1.68767
-1.11977,1.69044
-1.11792,1.6933
-1.11612,1.69607
-1.11433,1.69884
-1.11248,1.7017
-1.11069,1.70447
-1.10889,1.70724
-1.10705,1.7101
-1.10527,1.71284
-1.10352,1.71554
-1.1017,1.71833
-1.09991,1.72108
-1.09811,1.72385
-1.09625,1.72669
-1.09445,1.72946
-1.09265,1.73222
-1.09081,1.73504
-1.08904,1.73777
-1.08717,1.74065
-1.08503,1.74398
-1.08277,1.74755
-1.08039,1.75137
-1.07777,1.75562
-1.07517,1.75983
-1.07285,1.7636
-1.07099,1.76661
-1.06973,1.76866
-1.06898,1.76988
-1.06872,1.77031
-1.06871,1.77032
-1.06868,1.77039
-1.0686,1.77052
-1.06852,1.77064
-1.06844,1.77077
-1.06836,1.7709
-1.06828,1.77102
-1.06819,1.77114
-1.0681,1.77127
-1.06801,1.77139
-1.06792,1.7715
-1.06782,1.77162
-1.06773,1.77174
-1.06763,1.77185
-1.06753,1.77197
-1.06742,1.77208
-1.06732,1.77218
-1.06721,1.77229
-1.0671,1.7724
-1.067,1.7725
-1.06688,1.77261
-1.06677,1.77271
-1.06666,1.7728
-1.06654,1.7729
-1.06642,1.773
-1.0663,1.77309
-1.06618,1.77318
-1.06605,1.77327
-1.06593,1.77336
-1.0658,1.77344
-1.06567,1.77352
-1.06555,1.7736
-1.06541,1.77368
-1.06528,1.77376
-1.06515,1.77383
-1.06502,1.7739
-1.06488,1.77397
-1.06475,1.77404
-1.06461,1.7741
-1.06448,1.77416
-1.06434,1.77422
-1.0642,1.77428
-1.06406,1.77433
-1.06392,1.77439
-1.06378,1.77444
-1.06365,1.77448
-1.06353,1.77452
-1.06341,1.77456
-1.06328,1.77459
-1.06313,1.77463
-1.06298,1.77467
-1.06283,1.7747
-1.06264,1.77474
-1.06239,1.77479
-1.0621,1.77483
-1.06183,1.77487
-1.06156,1.77491
-1.06131,1.77494
-1.06107,1.77497
-1.06086,1.77499
-1.06071,1.775
-1.06056,1.77501
-1.06041,1.77502
-1.06026,1.77502
-1.06012,1.77503
-1.05997,1.77503
-1.05982,1.77502
-1.05967,1.77502
-1.05952,1.77501
-1.05937,1.775
-1.05922,1.77499
-1.05907,1.77498
-1.05892,1.77496
-1.05878,1.77494
-1.05862,1.77492
-1.05848,1.7749
-1.05833,1.77487
-1.05818,1.77484
-1.05804,1.77481
-1.05789,1.77477
-1.05774,1.77474
-1.0576,1.7747
-1.05746,1.77466
-1.05731,1.77461
-1.05717,1.77457
-1.05703,1.77452
-1.05643,1.77429
-1.05502,1.77371
-1.05287,1.77279
-1.05025,1.77165
-1.04735,1.77036
-1.04434,1.76902
-1.04122,1.76764
-1.0382,1.76629
-1.03519,1.76495
-1.03207,1.76357
-1.02906,1.76222
-1.02604,1.76088
-1.02293,1.7595
-1.01992,1.75816
-1.01693,1.75683
-1.01392,1.75549
-1.01101,1.75419
-1.00804,1.75286
-1.00494,1.75147
-1.00193,1.75012
-0.998927,1.74877
-0.995829,1.74738
-0.992822,1.74603
-0.989814,1.74468
-0.986715,1.74329
-0.983706,1.74194
-0.980697,1.74059
-0.977596,1.7392
-0.974586,1.73785
-0.971576,1.7365
-0.968443,1.73509
-0.964982,1.73347
-0.961105,1.73161
-0.956736,1.72947
-0.952291,1.72728
-0.947845,1.7251
-0.943609,1.72302
-0.940105,1.72129
-0.937159,1.71984
-0.934705,1.71863
-0.932391,1.71747
-0.929722,1.71611
-0.926803,1.71463
-0.923871,1.71313
-0.920933,1.71163
-0.917913,1.71008
-0.915027,1.70861
-0.912188,1.70716
-0.909241,1.70564
-0.906334,1.70415
-0.903404,1.70264
-0.900385,1.70109
-0.897455,1.69958
-0.894524,1.69807
-0.891505,1.69652
-0.888573,1.69501
-0.885642,1.6935
-0.882621,1.69195
-0.879688,1.69044
-0.876755,1.68893
-0.873732,1.68737
-0.870798,1.68586
-0.867863,1.68435
-0.864839,1.6828
-0.861903,1.68129
-0.858967,1.67978
-0.855941,1.67822
-0.853004,1.67671
-0.850066,1.6752
-0.847038,1.67364
-0.843844,1.67199
-0.84021,1.67012
-0.836118,1.66799
-0.831939,1.66581
-0.827735,1.6636
-0.823455,1.66135
-0.819448,1.65921
-0.815746,1.65722
-0.81233,1.65536
-0.809441,1.65377
-0.806973,1.65241
-0.804671,1.65112
-0.802255,1.64976
-0.799528,1.64822
-0.796572,1.64655
-0.793702,1.64493
-0.790831,1.64331
-0.787874,1.64164
-0.785002,1.64002
-0.782131,1.63839
-0.779172,1.63672
-0.776299,1.6351
-0.773426,1.63348
-0.770465,1.63181
-0.767591,1.63018
-0.764716,1.62856
-0.761754,1.62689
-0.758878,1.62526
-0.756002,1.62364
-0.753038,1.62196
-0.75016,1.62034
-0.747283,1.61871
-0.744318,1.61704
-0.741441,1.61541
-0.738565,1.61379
-0.735602,1.61212
-0.73273,1.61049
-0.729881,1.60888
-0.726996,1.60725
-0.724221,1.60568
-0.721421,1.60409
-0.718425,1.60239
-0.715311,1.60063
-0.711893,1.5987
-0.707954,1.59648
-0.703712,1.5941
-0.699398,1.59168
-0.695442,1.58946
-0.692525,1.58783
-0.690537,1.58671
-0.689375,1.58605
-0.68886,1.58576
-0.688873,1.58576
-0.689011,1.58583
-0.689146,1.58589
-0.688866,1.58576
-0.687822,1.58527
-0.686085,1.5845
-0.683783,1.58352
-0.680858,1.58229
-0.677814,1.58101
-0.67477,1.57973
-0.671633,1.57841
-0.668587,1.57713
-0.665542,1.57585
-0.662404,1.57453
-0.659358,1.57325
-0.656313,1.57197
-0.653179,1.57066
-0.650165,1.56939
-0.647199,1.56814
-0.644149,1.56685
-0.641151,1.56558
-0.638114,1.56429
-0.634991,1.56296
-0.63198,1.56168
-0.628969,1.56041
-0.625841,1.55908
-0.622806,1.55779
-0.619771,1.55651
-0.616645,1.55518
-0.61361,1.5539
-0.610575,1.55261
-0.607447,1.55128
-0.604411,1.55
-0.601029,1.54856
-0.596813,1.54678
-0.592262,1.54485
-0.587704,1.54292
-0.583006,1.54093
-0.578446,1.53899
-0.574274,1.53723
-0.570687,1.53572
-0.567541,1.53442
-0.56449,1.53315
-0.561348,1.53184
-0.5583,1.53058
-0.555276,1.52932
-0.552211,1.52804
-0.549248,1.5268
-0.546252,1.52555
-0.543119,1.52423
-0.540081,1.52296
-0.537062,1.52169
-0.533957,1.52039
-0.530915,1.51911
-0.527875,1.51784
-0.524743,1.51653
-0.521703,1.51525
-0.518664,1.51398
-0.515531,1.51267
-0.51249,1.51139
-0.509449,1.51012
-0.506315,1.5088
-0.503273,1.50753
-0.50023,1.50625
-0.497094,1.50494
-0.49405,1.50367
-0.491005,1.50239
-0.487868,1.50108
-0.484822,1.4998
-0.481776,1.49852
-0.478299,1.49706
-0.474356,1.49539
-0.470188,1.49359
-0.465834,1.49168
-0.461623,1.48981
-0.457456,1.48794
-0.453335,1.48606
-0.449619,1.48434
-0.446115,1.48269
-0.44258,1.48099
-0.439219,1.47936
-0.435987,1.47777
-0.432852,1.47623
-0.4299,1.47477
-0.426945,1.47331
-0.4239,1.4718
-0.420945,1.47034
-0.41799,1.46888
-0.414944,1.46737
-0.411988,1.46591
-0.409031,1.46445
-0.405983,1.46294
-0.403025,1.46148
-0.400067,1.46002
-0.397018,1.45851
-0.394058,1.45705
-0.391098,1.45559
-0.388047,1.45408
-0.385086,1.45261
-0.382124,1.45115
-0.379073,1.44964
-0.376111,1.44818
-0.37315,1.44672
-0.3701,1.44521
-0.36715,1.44375
-0.364245,1.44231
-0.361279,1.44084
-0.358383,1.4394
-0.355391,1.43791
-0.352169,1.4363
-0.348903,1.43468
-0.345405,1.43296
-0.341515,1.43109
-0.337514,1.42921
-0.333768,1.42746
-0.330644,1.42601
-0.328461,1.42498
-0.327042,1.42431
-0.326187,1.42391
-0.325852,1.42375
-0.325904,1.42377
-0.326019,1.42382
-0.326131,1.42386
-0.326244,1.4239
-0.326361,1.42395
-0.326475,1.42398
-0.32659,1.42402
-0.326708,1.42406
-0.326823,1.42409
-0.326939,1.42413
-0.327058,1.42416
-0.327174,1.42419
-0.32729,1.42422
-0.32741,1.42424
-0.327526,1.42427
-0.327642,1.42429
-0.327762,1.42432
-0.327879,1.42434
-0.327995,1.42435
-0.328114,1.42437
-0.328228,1.42439
-0.328336,1.4244
-0.328418,1.42441
-0.328454,1.42441
-0.328489,1.42441
-0.328536,1.42441
-0.328592,1.42441
-0.32866,1.42441
-0.328743,1.42442
-0.32884,1.42442
-0.328953,1.42442
-0.329073,1.42441
-0.329187,1.42441
-0.329302,1.42441
-0.32942,1.4244
-0.329534,1.42439
-0.329648,1.42438
-0.329765,1.42437
-0.32971,1.42437
-0.329371,1.42439
-0.328822,1.42443
-0.3282,1.42447
-0.327577,1.42454
-0.326931,1.42465
-0.326213,1.42474
-0.325323,1.42485
-0.324147,1.42499
-0.322678,1.42517
-0.320812,1.4254
-0.318404,1.4257
-0.315584,1.42607
-0.312417,1.4265
-0.309051,1.42695
-0.305783,1.4274
-0.302514,1.42784
-0.299146,1.42829
-0.295877,1.42874
-0.292607,1.42918
-0.289237,1.42963
-0.285966,1.43008
-0.282694,1.43052
-0.279323,1.43097
-0.27605,1.43142
-0.272776,1.43186
-0.269402,1.43232
-0.266128,1.43276
-0.262852,1.4332
-0.259206,1.43369
-0.255236,1.43423
-0.25097,1.43481
-0.246418,1.43542
-0.241987,1.43601
-0.237545,1.43661
-0.233122,1.43722
-0.229268,1.43776
-0.225932,1.43823
-0.223082,1.43863
-0.220899,1.43894
-0.219282,1.43918
-0.217957,1.43937
-0.216903,1.43953
-0.216056,1.43965
-0.215375,1.43974
-0.214877,1.4398
-0.214518,1.43984
-0.214256,1.43987
-0.214026,1.4399
-0.213807,1.43991
-0.213596,1.43993
-0.213403,1.43994
-0.213222,1.43994
-0.213056,1.43995
-0.21291,1.43995
-0.212761,1.43995
-0.212609,1.43995
-0.212461,1.43994
-0.212312,1.43993
-0.212159,1.43992
-0.212011,1.43991
-0.211862,1.43989
-0.211709,1.43987
-0.211561,1.43985
-0.211412,1.43983
-0.21126,1.4398
-0.211112,1.43977
-0.211073,1.43977
-0.21114,1.43978
-0.211314,1.43982
-0.211428,1.43984
-0.211546,1.43986
-0.211662,1.43988
-0.211777,1.4399
-0.211897,1.43991
-0.212013,1.43993
-0.21213,1.43994
-0.212251,1.43995
-0.212368,1.43996
-0.212486,1.43997
-0.212607,1.43998
-0.212725,1.43998
-0.212614,1.43997
-0.212064,1.43995
-0.211073,1.43989
-0.209572,1.4398
-0.207493,1.43963
-0.205236,1.43942
-0.202759,1.43915
-0.199934,1.43882
-0.196924,1.43844
-0.193689,1.43803
-0.190316,1.4376
-0.187041,1.43718
-0.183765,1.43677
-0.18039,1.43634
-0.177113,1.43592
-0.173837,1.4355
-0.170462,1.43507
-0.167186,1.43465
-0.16391,1.43423
-0.160536,1.4338
-0.157265,1.43339
-0.154005,1.43297
-0.150629,1.43254
-0.147357,1.43213
-0.144085,1.43171
-0.140714,1.43128
-0.137442,1.43086
-0.13417,1.43045
-0.130799,1.43002
-0.127527,1.4296
-0.124487,1.42922
-0.12137,1.42885
-0.117941,1.42844
-0.114022,1.42795
-0.109664,1.42735
-0.105264,1.42672
-0.101169,1.4261
-0.097789,1.42559
-0.0954598,1.42523
-0.0939666,1.42501
-0.0929197,1.42486
-0.092299,1.42476
-0.0920416,1.42472
-0.0918901,1.4247
-0.0917435,1.42467
-0.0915973,1.42465
-0.0914469,1.42461
-0.0913013,1.42458
-0.0911561,1.42455
-0.091007,1.42451
-0.0908627,1.42447
-0.090719,1.42442
-0.0905715,1.42438
-0.0902184,1.42425
-0.0894469,1.42396
-0.0882256,1.42346
-0.0866455,1.42278
-0.0847044,1.42191
-0.0823989,1.42085
-0.0798999,1.41966
-0.0771677,1.41834
-0.0742205,1.41692
-0.0713068,1.41552
-0.0683348,1.4141
-0.0652724,1.41263
-0.0623003,1.4112
-0.059328,1.40977
-0.0562652,1.4083
-0.053292,1.40688
-0.0503183,1.40545
-0.0472539,1.40398
-0.044279,1.40255
-0.0413035,1.40113
-0.0382373,1.39965
-0.0352607,1.39823
-0.0322839,1.3968
-0.0292167,1.39533
-0.0262396,1.3939
-0.0232626,1.39247
-0.0201959,1.391
-0.0172258,1.38958
-0.014295,1.38817
-0.0113121,1.38674
-0.0082388,1.38525
-0.00481827,1.38356
-0.000993582,1.38163
0.00288491,1.37963
0.00696847,1.37748
0.0113996,1.37513
0.0154919,1.37295
0.0190979,1.37101
0.022252,1.36925
0.0248687,1.36774
0.0272724,1.36628
0.0297203,1.36475
0.0323337,1.36309
0.0351163,1.36132
0.0379823,1.3595
0.0407643,1.35773
0.0435468,1.35596
0.0464142,1.35413
0.0491977,1.35236
0.0519818,1.35059
0.0548508,1.34877
0.0576359,1.347
0.0604213,1.34522
0.0632913,1.3434
0.066077,1.34163
0.0688627,1.33986
0.0717322,1.33803
0.0745138,1.33626
0.0772667,1.33451
0.0800649,1.33273
0.0827855,1.33099
0.0855473,1.32922
0.0884114,1.32739
0.0911911,1.32561
0.0939708,1.32382
0.0968344,1.32199
0.0996135,1.32021
0.102392,1.31843
0.105254,1.31659
0.108029,1.31482
0.110781,1.31305
0.113759,1.31115
0.116998,1.30911
0.12047,1.30698
0.124278,1.30468
0.128258,1.30232
0.132494,1.29981
0.136456,1.29746
0.139518,1.29565
0.141815,1.29431
0.14339,1.2934
0.144205,1.2931
0.144616,1.29321
0.144761,1.29364
0.144831,1.29409
0.145142,1.29428
0.145889,1.29398
0.147084,1.2934
0.148735,1.2926
0.150801,1.29158
0.152797,1.29055
0.154743,1.28951
0.156736,1.28841
0.158699,1.28728
0.160728,1.28608
0.162925,1.28474
0.165199,1.28332
0.167646,1.28176
0.170384,1.28
0.173161,1.27821
0.175937,1.27643
0.178798,1.27459
0.181574,1.2728
0.18435,1.27101
0.187209,1.26917
0.18998,1.26739
0.192728,1.26562
0.195551,1.26381
0.198324,1.26203
0.201098,1.26025
0.203957,1.25841
0.206732,1.25663
0.209507,1.25485
0.212367,1.25301
0.215143,1.25123
0.218157,1.24929
0.221741,1.24698
0.225519,1.24451
0.229336,1.24199
0.233239,1.23938
0.236994,1.23684
0.240437,1.23448
0.243354,1.23248
0.245555,1.23099
0.247122,1.22994
0.248047,1.22933
0.248255,1.22919
0.248127,1.22926
0.247994,1.22934
0.247863,1.22941
0.247731,1.22947
0.247593,1.22954
0.247843,1.22941
0.248757,1.22897
0.250396,1.22818
0.252674,1.22712
0.25551,1.2258
0.258599,1.22438
0.261597,1.22299
0.264595,1.22161
0.267684,1.22018
0.270683,1.21879
0.273681,1.21741
0.276769,1.21598
0.279767,1.21459
0.282761,1.21321
0.285829,1.21179
0.288794,1.21042
0.291789,1.20904
0.294875,1.20762
0.29787,1.20624
0.300864,1.20486
0.303949,1.20343
0.306943,1.20205
0.309931,1.20068
0.312966,1.19927
0.315877,1.19793
0.318798,1.19657
0.321858,1.19515
0.324848,1.19376
0.327838,1.19237
0.330918,1.19093
0.334221,1.18939
0.33813,1.18755
0.342534,1.18545
0.346997,1.18331
0.351463,1.18117
0.356065,1.17896
0.360155,1.177
0.363566,1.17535
0.366413,1.17394
0.368668,1.17279
0.370827,1.17166
0.373395,1.17029
0.37618,1.16882
0.379043,1.16731
0.382011,1.16575
0.384871,1.16425
0.387758,1.16274
0.39077,1.16116
0.393692,1.15963
0.396613,1.1581
0.399622,1.15652
0.402542,1.155
0.405444,1.15348
0.408385,1.15193
0.411227,1.15044
0.414097,1.14893
0.417099,1.14734
0.420014,1.1458
0.422931,1.14426
0.425935,1.14268
0.428852,1.14114
0.43177,1.13959
0.434776,1.13801
0.437695,1.13647
0.440614,1.13492
0.443622,1.13334
0.446542,1.13179
0.449462,1.13025
0.452471,1.12866
0.455392,1.12712
0.458588,1.12543
0.462401,1.12343
0.466381,1.12137
0.470433,1.1193
0.474615,1.11719
0.478726,1.11513
0.482678,1.11317
0.486313,1.11138
0.489405,1.10987
0.492067,1.10859
0.494388,1.1075
0.49649,1.10654
0.498747,1.10553
0.501289,1.10439
0.503911,1.10321
0.506553,1.10199
0.509333,1.1007
0.512131,1.09939
0.515061,1.098
0.518132,1.09655
0.521113,1.09514
0.524095,1.09373
0.527167,1.09227
0.53015,1.09086
0.533133,1.08945
0.536207,1.088
0.539191,1.08658
0.542176,1.08517
0.545252,1.08372
0.548237,1.0823
0.551223,1.08089
0.5543,1.07943
0.557286,1.07802
0.560272,1.07661
0.563348,1.07515
0.566333,1.07374
0.569316,1.07233
0.572377,1.07088
0.575327,1.06948
0.578304,1.06808
0.581377,1.06662
0.58446,1.06517
0.587737,1.06362
0.591316,1.06189
0.594955,1.0601
0.598629,1.05822
0.602505,1.05619
0.606096,1.05428
0.609036,1.05271
0.61119,1.05156
0.612424,1.05091
0.61289,1.05066
0.613172,1.05052
0.613683,1.05026
0.613894,1.05016
0.614002,1.0501
0.614106,1.05005
0.61421,1.04999
0.614315,1.04993
0.614418,1.04987
0.614519,1.04981
0.614623,1.04975
0.614723,1.04969
0.614822,1.04962
0.614923,1.04956
0.615021,1.04949
0.615118,1.04942
0.615217,1.04935
0.615312,1.04928
0.615407,1.04921
0.615769,1.04891
0.616595,1.0482
0.617844,1.04708
0.619319,1.04571
0.620881,1.0442
0.622598,1.04249
0.624557,1.0405
0.62667,1.03833
0.628955,1.03596
0.631318,1.03352
0.633605,1.03115
0.635865,1.02882
0.638188,1.02642
0.640474,1.02406
0.64277,1.02169
0.645134,1.01925
0.647429,1.01689
0.649725,1.01452
0.65209,1.01208
0.654387,1.00971
0.656684,1.00734
0.659051,1.0049
0.661349,1.00254
0.663647,1.00017
0.666015,0.997726
0.668313,0.995357
0.670611,0.992989
0.672979,0.990549
0.675267,0.988191
0.677525,0.985861
0.679969,0.983327
0.682571,0.980574
0.685237,0.97767
0.688039,0.974532
0.690859,0.971302
0.693822,0.967855
0.696742,0.964421
0.699175,0.961504
0.701236,0.958959
0.703144,0.956502
0.704843,0.954231
0.706386,0.952097
0.707809,0.95007
0.709026,0.948296
0.710077,0.946736
0.710982,0.945379
0.711681,0.944326
0.712196,0.943553
0.712533,0.943051
0.712686,0.942825
0.712657,0.942859
0.712565,0.942976
0.712475,0.943088
0.712382,0.943198
0.712285,0.94331
0.712188,0.943418
0.71209,0.943524
0.711987,0.943632
0.711885,0.943734
0.711782,0.943836
0.711673,0.943938
0.711566,0.944036
0.711458,0.944132
0.711344,0.944229
0.711232,0.944322
0.711119,0.944412
0.711,0.944504
0.711245,0.944306
0.712109,0.943637
0.713587,0.942521
0.715557,0.941065
0.71795,0.93932
0.72069,0.93733
0.723364,0.935388
0.726036,0.933447
0.728788,0.931449
0.731444,0.929519
0.734059,0.927617
0.736743,0.925661
0.739365,0.923747
0.741981,0.921838
0.744692,0.919862
0.747357,0.917921
0.750021,0.91598
0.752765,0.913981
0.755429,0.91204
0.758093,0.9101
0.760838,0.9081
0.763502,0.906159
0.766168,0.904218
0.768914,0.902217
0.77158,0.900275
0.774247,0.898333
0.776995,0.896332
0.779663,0.894389
0.782331,0.892445
0.78508,0.890443
0.788072,0.888262
0.79167,0.885632
0.795742,0.882643
0.799735,0.87971
0.803728,0.876777
0.807841,0.873755
0.811681,0.870939
0.815272,0.868317
0.818776,0.865784
0.822004,0.863488
0.825031,0.861367
0.827904,0.859389
0.830424,0.85769
0.832644,0.856227
0.834583,0.854982
0.83609,0.854042
0.83719,0.853376
0.837858,0.852982
0.838045,0.852872
0.837923,0.852933
0.837788,0.852999
0.837655,0.85306
0.837521,0.853119
0.837382,0.853178
0.837246,0.853233
0.83711,0.853286
0.837339,0.853191
0.838155,0.852875
0.839538,0.852359
0.841547,0.851639
0.843912,0.850819
0.846543,0.849929
0.849471,0.848954
0.852461,0.847968
0.85553,0.84696
0.858706,0.84592
0.861781,0.844914
0.864903,0.843896
0.868134,0.842841
0.871269,0.841818
0.874404,0.840795
0.877634,0.839742
0.88077,0.838719
0.883906,0.837696
0.887138,0.836642
0.890275,0.83562
0.893412,0.834597
0.896644,0.833544
0.89978,0.832522
0.902904,0.831504
0.906071,0.83047
0.909116,0.829472
0.912176,0.828464
0.915385,0.827405
0.918518,0.82637
0.921652,0.825335
0.925192,0.824163
0.929211,0.822814
0.933624,0.821306
0.938424,0.819654
0.943107,0.818042
0.947788,0.81643
0.95232,0.814864
0.956271,0.813465
0.960146,0.812039
0.964067,0.810552
0.96769,0.809145
0.971072,0.807811
0.974279,0.806537
0.977345,0.805319
0.980411,0.804101
0.98357,0.802847
0.986637,0.801629
0.989703,0.800411
0.992863,0.799157
0.99593,0.797939
0.998996,0.796722
1.00215,0.795471
1.00517,0.794271
1.00815,0.793083
1.01123,0.791853
1.01426,0.790637
1.01732,0.789407
1.02048,0.788141
1.02354,0.786912
1.0266,0.785682
1.02976,0.784414
1.03282,0.783184
1.03589,0.781953
1.03904,0.780685
1.04211,0.779454
1.04517,0.778223
1.04833,0.776955
1.05139,0.775724
1.05462,0.77443
1.05828,0.772993
1.06199,0.771584
1.06587,0.770158
1.07012,0.768636
1.07455,0.767072
1.07879,0.765585
1.08242,0.764324
1.08523,0.763365
1.08736,0.762663
1.08933,0.762045
1.09165,0.761336
1.09438,0.760499
1.09726,0.759602
1.10001,0.758732
1.10273,0.757851
1.10555,0.756917
1.10835,0.755973
1.11125,0.75498
1.11439,0.753898
1.11751,0.752821
1.12063,0.751743
1.12384,0.750633
1.12696,0.749555
1.13009,0.748477
1.1333,0.747365
1.13642,0.746287
1.13954,0.745208
1.14276,0.744097
1.14588,0.743019
1.14899,0.741942
1.15219,0.740839
1.15529,0.739769
1.15841,0.738693
1.16162,0.737584
1.16474,0.736509
1.16785,0.735433
1.17107,0.734325
1.17419,0.73325
1.1773,0.732174
1.18078,0.730975
1.18462,0.729631
1.18869,0.728176
1.19284,0.726646
1.19682,0.725132
1.20083,0.723568
1.20473,0.72201
1.20791,0.720739
1.21032,0.719779
1.212,0.719119
1.21283,0.718799
1.21302,0.718727
1.21333,0.718612
1.2143,0.718277
1.21594,0.71773
1.21832,0.716951
1.22121,0.716022
1.22435,0.715015
1.22759,0.713978
1.23074,0.712971
1.23389,0.711964
1.23713,0.710926
1.24027,0.709919
1.24341,0.708913
1.24664,0.707881
1.24976,0.706884
1.2529,0.705878
1.25614,0.704843
1.25928,0.703839
1.26242,0.702835
1.26566,0.701801
1.2688,0.700797
1.27194,0.699793
1.27518,0.69876
1.27832,0.697757
1.28143,0.696761
1.28459,0.69575
1.28764,0.694769
1.29072,0.693775
1.29395,0.69273
1.29708,0.691715
1.30022,0.690699
1.3038,0.689539
1.30789,0.68819
1.31233,0.686696
1.31715,0.685067
1.32185,0.68348
1.32654,0.681893
1.331,0.680379
1.33473,0.679093
1.3379,0.677964
1.34071,0.676909
1.34341,0.675843
1.34632,0.674669
1.34944,0.673409
1.35244,0.672197
1.35547,0.670975
1.35863,0.669705
1.36169,0.668472
1.36475,0.66724
1.3679,0.665971
1.37096,0.66474
1.37402,0.663509
1.37717,0.662241
1.38022,0.661012
1.38324,0.659799
1.3863,0.658561
1.38928,0.657353
1.39231,0.656123
1.39545,0.654842
1.39851,0.6536
1.40157,0.652357
1.40471,0.651076
1.40777,0.649832
1.41083,0.648588
1.41398,0.647307
1.41704,0.646062
1.42009,0.644817
1.42325,0.643534
1.42631,0.642289
1.42936,0.641043
1.43252,0.63976
1.43582,0.638416
1.43956,0.636916
1.44357,0.635343
1.44748,0.633849
1.45148,0.632359
1.45577,0.630794
1.45979,0.629355
1.46334,0.628098
1.46642,0.627027
1.46884,0.626204
1.47073,0.625587
1.47216,0.625147
1.47306,0.624886
1.47383,0.624686
1.47489,0.624435
1.47619,0.624142
1.47784,0.623783
1.47996,0.623318
1.48247,0.622751
1.48517,0.622119
1.48811,0.621409
1.49116,0.62066
1.49436,0.619871
1.49766,0.619056
1.50086,0.618265
1.50406,0.617474
1.50736,0.616658
1.51057,0.615866
1.51378,0.615074
1.51708,0.614258
1.52029,0.613466
1.52349,0.612673
1.5268,0.611856
1.53,0.611063
1.53321,0.610271
1.53651,0.609454
1.53972,0.608662
1.54292,0.60787
1.54621,0.607057
1.5494,0.60627
1.55261,0.605479
1.55591,0.604665
1.55911,0.603875
1.56244,0.603053
1.56614,0.602129
1.56997,0.601137
1.57387,0.600076
1.57794,0.598913
1.582,0.597702
1.58588,0.59651
1.58916,0.595502
1.5922,0.594573
1.59535,0.593608
1.5986,0.592613
1.60176,0.591646
1.60491,0.59068
1.60817,0.589684
1.61132,0.588717
1.61448,0.58775
1.61774,0.586754
1.6209,0.585786
1.62406,0.584818
1.62731,0.583822
1.63047,0.582854
1.63363,0.581887
1.63688,0.580891
1.64003,0.579927
1.64316,0.578969
1.64641,0.577975
1.64956,0.577011
1.65271,0.576046
1.65596,0.575054
1.65912,0.574091
1.66225,0.573131
1.66544,0.572157
1.6685,0.571217
1.67157,0.570267
1.6748,0.569267
1.67795,0.568292
1.6811,0.567316
1.68434,0.566311
1.68783,0.56523
1.69195,0.563929
1.69661,0.562437
1.70132,0.560919
1.70603,0.559401
1.71089,0.557837
1.71518,0.556452
1.71869,0.555307
1.72155,0.554356
1.72362,0.553642
1.72504,0.553132
1.7261,0.552735
1.72678,0.552469
1.72711,0.552339
1.72725,0.552287
1.72739,0.55223
1.72753,0.552171
1.72767,0.552108
1.72781,0.552045
1.72794,0.55198
1.72808,0.55191
1.72821,0.551841
1.72834,0.55177
1.72847,0.551695
1.7286,0.551621
1.72871,0.551553
1.72879,0.551501
1.72883,0.551478
1.72886,0.551467
1.72888,0.551451
1.72893,0.551418
1.72902,0.551354
1.72914,0.551262
1.72925,0.551171
1.72936,0.551078
1.72947,0.550981
1.72958,0.550885
1.72969,0.550788
1.7298,0.550686
1.7299,0.550585
1.73,0.550482
1.7301,0.550375
1.7302,0.550269
1.73029,0.550162
1.73039,0.55005
1.73048,0.549939
1.73057,0.549827
1.73066,0.549709
1.73075,0.549593
1.73084,0.549476
1.73092,0.549353
1.731,0.549233
1.73108,0.549111
1.73116,0.548983
1.73124,0.548858
1.73131,0.548731
1.73139,0.548597
1.73146,0.548453
1.73156,0.548273
1.73167,0.548029
1.7318,0.547749
1.73194,0.547443
1.73207,0.547122
1.73219,0.546822
1.7323,0.546552
1.73239,0.546324
1.73245,0.546167
1.7325,0.546025
1.73255,0.545878
1.73259,0.545734
1.73264,0.545589
1.73268,0.545438
1.73272,0.545291
1.73275,0.545144
1.73279,0.544991
1.73282,0.544842
1.73285,0.544693
1.73288,0.544538
1.7329,0.544388
1.73292,0.544237
1.73294,0.544081
1.73296,0.543929
1.73297,0.543777
1.73299,0.54362
1.73299,0.543468
1.733,0.543316
1.733,0.543158
1.73301,0.543006
1.73301,0.542854
1.733,0.542698
1.733,0.542546
1.73299,0.542395
1.73298,0.54224
1.73296,0.54209
1.73295,0.54194
1.73293,0.541786
1.73291,0.541638
1.73288,0.54149
1.73286,0.541339
1.73283,0.541193
1.7328,0.541049
1.73276,0.540902
1.73267,0.540566
1.73248,0.539875
1.73218,0.538802
1.73178,0.537357
1.73129,0.5355
1.73076,0.533348
1.73022,0.531014
1.72963,0.528388
1.72895,0.52533
1.72825,0.522112
1.72755,0.518889
1.72683,0.515568
1.72613,0.512343
1.72543,0.509118
1.7247,0.505796
1.724,0.502571
1.7233,0.499346
1.72258,0.496025
1.72188,0.492827
1.7212,0.489683
1.72049,0.48646
1.71979,0.483302
1.71908,0.480088
1.71834,0.476768
1.71763,0.473545
1.71691,0.470322
1.71617,0.467001
1.71546,0.463778
1.71474,0.460556
1.714,0.457236
1.71332,0.454188
1.7126,0.451079
1.71177,0.447535
1.71088,0.443679
1.70995,0.439494
1.70896,0.434913
1.70807,0.430742
1.70736,0.427413
1.70683,0.424902
1.7065,0.423373
1.7062,0.421968
1.70574,0.419901
1.70513,0.417216
1.70442,0.414145
1.70364,0.410834
1.70289,0.407619
1.70214,0.404404
1.70136,0.401091
1.70061,0.397876
1.69986,0.394661
1.69908,0.391349
1.69833,0.388138
1.69759,0.384962
1.69683,0.381742
1.69609,0.378619
1.69534,0.375456
1.69455,0.372148
1.69378,0.368938
1.69302,0.365727
1.69223,0.36242
1.69146,0.359211
1.6907,0.356006
1.68992,0.352722
1.68915,0.349515
1.68839,0.346308
1.6876,0.343004
1.68684,0.339797
1.68607,0.33659
1.68529,0.333286
1.68452,0.330078
1.6837,0.326646
1.6827,0.322518
1.68157,0.317918
1.68037,0.313114
1.67915,0.308163
1.67795,0.303357
1.67686,0.298948
1.67594,0.295169
1.67514,0.291768
1.67438,0.288492
1.67361,0.285196
1.67288,0.28203
1.67215,0.278914
1.67139,0.27571
1.67065,0.272562
1.66988,0.269355
1.6691,0.266047
1.66833,0.262837
1.66757,0.259627
1.66678,0.256323
1.66602,0.253131
1.66526,0.249932
1.66448,0.246626
1.66371,0.243418
1.66295,0.240211
1.66217,0.236907
1.6614,0.2337
1.66064,0.230492
1.65986,0.227186
1.65909,0.223977
1.65833,0.220768
1.65754,0.217461
1.65678,0.21425
1.65602,0.211039
1.65523,0.20773
1.65447,0.204517
1.65371,0.201305
1.65292,0.197994
1.65208,0.194473
1.6511,0.190439
1.65001,0.186177
1.64893,0.182087
1.64781,0.178025
1.64659,0.173805
1.64538,0.169729
1.64424,0.165945
1.64311,0.162273
1.64202,0.158811
1.64094,0.155399
1.63984,0.151964
1.63881,0.148772
1.6378,0.145636
1.63676,0.142403
1.63574,0.139265
1.63473,0.136127
1.63369,0.132894
1.63268,0.129755
1.63167,0.126616
1.63063,0.123381
1.62961,0.12024
1.6286,0.117099
1.62756,0.113863
1.62655,0.11072
1.62554,0.107578
1.62449,0.104339
1.62348,0.101196
1.62247,0.0980526
1.62143,0.0948139
1.62041,0.0916708
1.6194,0.0885297
1.61837,0.0853161
1.61738,0.0822501
1.61639,0.0791992
1.61535,0.0760257
1.61433,0.0728928
1.61325,0.0696056
1.61205,0.0659275
1.6108,0.0621071
1.6095,0.0580738
1.60816,0.0538083
1.60684,0.0495222
1.60563,0.0455284
1.6046,0.0421186
1.60364,0.0389632
1.60269,0.0358077
1.6017,0.0325559
1.60074,0.0293992
1.59979,0.026242
1.5988,0.0229884
1.59784,0.01983
1.59689,0.0166709
1.5959,0.0134156
1.59494,0.0102555
1.59398,0.00709522
1.593,0.00383903
1.59204,0.0006786
1.59108,-0.00248164
1.5901,-0.0057361
1.58914,-0.00887626
1.58821,-0.0119634
1.58724,-0.0151231
1.58629,-0.0182148
1.58532,-0.0213611
1.58432,-0.0246113
1.58335,-0.0277654
1.58238,-0.0309192
1.58139,-0.0341667
1.58042,-0.0373063
1.57946,-0.0404358
1.57846,-0.0436858
1.57749,-0.0468372
1.57652,-0.0499885
1.57544,-0.0535136
1.57423,-0.0575038
1.57289,-0.0619838
1.57144,-0.0668653
1.57003,-0.071609
1.56862,-0.0763537
1.56732,-0.0807477
1.5663,-0.0842018
1.56537,-0.0873732
1.56441,-0.090638
1.56348,-0.093807
1.56256,-0.096976
1.5616,-0.100241
1.56067,-0.103409
1.55975,-0.106562
1.55881,-0.109756
1.5579,-0.112831
1.55698,-0.115925
1.55601,-0.119171
1.55507,-0.122335
1.55413,-0.125497
1.55316,-0.128756
1.55222,-0.131917
1.55128,-0.135068
1.55032,-0.1383
1.54938,-0.141463
1.54844,-0.144622
1.54747,-0.147878
1.54653,-0.151038
1.54559,-0.154197
1.54463,-0.157453
1.54369,-0.160614
1.54275,-0.163775
1.54178,-0.167033
1.54084,-0.170195
1.5399,-0.173358
1.53881,-0.177009
1.53754,-0.181262
1.53613,-0.185898
1.53465,-0.19078
1.53321,-0.195519
1.53177,-0.200257
1.53038,-0.204862
1.52919,-0.208872
1.5281,-0.212669
1.52706,-0.216417
1.52613,-0.219837
1.52526,-0.223044
1.52438,-0.226327
1.52352,-0.229513
1.52266,-0.232697
1.52177,-0.23597
1.52092,-0.23913
1.52006,-0.242315
1.51918,-0.245594
1.51832,-0.248777
1.51746,-0.25196
1.51657,-0.255239
1.51572,-0.258422
1.51486,-0.261606
1.51397,-0.264887
1.51312,-0.268071
1.51226,-0.271257
1.51137,-0.274539
1.51051,-0.277726
1.50966,-0.280913
1.50877,-0.284197
1.50791,-0.287385
1.50705,-0.290574
1.50617,-0.293859
1.50531,-0.297048
1.50445,-0.300236
1.50356,-0.303521
1.50265,-0.306906
1.50161,-0.310625
1.50046,-0.314566
1.49927,-0.318443
1.49799,-0.322432
1.49657,-0.326718
1.49515,-0.330907
1.49378,-0.334841
1.49237,-0.338722
1.49102,-0.342382
1.48972,-0.345808
1.48849,-0.349051
1.48732,-0.352132
1.48614,-0.355214
1.48493,-0.358389
1.48376,-0.361471
1.48259,-0.364554
1.48138,-0.367731
1.4802,-0.370815
1.47903,-0.373899
1.47782,-0.377078
1.47665,-0.380163
1.47547,-0.38325
1.47426,-0.386429
1.47309,-0.389516
1.47192,-0.392603
1.47071,-0.395783
1.46953,-0.398869
1.46836,-0.401951
1.46716,-0.40509
1.46602,-0.408092
1.46487,-0.411094
1.46366,-0.414231
1.46247,-0.417312
1.46129,-0.420391
1.46007,-0.423564
1.45888,-0.426643
1.4577,-0.429717
1.45644,-0.432998
1.45512,-0.436476
1.45373,-0.440265
1.45225,-0.444395
1.45075,-0.448687
1.44915,-0.453293
1.44766,-0.45761
1.44652,-0.460865
1.44571,-0.463191
1.4449,-0.465498
1.4439,-0.468366
1.4428,-0.471479
1.44167,-0.474687
1.44057,-0.477801
1.43947,-0.480916
1.43834,-0.484125
1.43725,-0.48724
1.43615,-0.490354
1.43502,-0.493563
1.43392,-0.496673
1.43284,-0.499746
1.43174,-0.502866
1.43066,-0.505896
1.42957,-0.508969
1.42842,-0.512173
1.42731,-0.515281
1.4262,-0.518389
1.42506,-0.52159
1.42396,-0.524692
1.42286,-0.527773
1.42172,-0.530962
1.42061,-0.534068
1.41951,-0.537174
1.41837,-0.540373
1.41726,-0.543478
1.41615,-0.546584
1.41501,-0.549784
1.41391,-0.55289
1.4128,-0.555997
1.41153,-0.559573
1.41003,-0.563755
1.40838,-0.568396
1.40666,-0.573199
1.40499,-0.577862
1.40332,-0.582525
1.40174,-0.586972
1.40044,-0.59067
1.39937,-0.593817
1.3985,-0.596516
1.39774,-0.599055
1.39692,-0.601942
1.39603,-0.605182
1.39515,-0.608357
1.39426,-0.611538
1.39335,-0.614816
1.39247,-0.617996
1.39159,-0.621176
1.39068,-0.624452
1.3898,-0.627629
1.38892,-0.630794
1.38801,-0.634049
1.38713,-0.637229
1.38625,-0.640406
1.38534,-0.643679
1.38446,-0.646856
1.38358,-0.650033
1.38268,-0.653307
1.3818,-0.656485
1.38091,-0.659663
1.38001,-0.662938
1.37913,-0.666118
1.37825,-0.669298
1.37734,-0.672575
1.37646,-0.675757
1.37558,-0.678939
1.37467,-0.682217
1.37379,-0.685399
1.3729,-0.688582
1.372,-0.69186
1.37105,-0.69528
1.36996,-0.699074
1.36878,-0.703019
1.36757,-0.706861
1.36628,-0.710778
1.36486,-0.714956
1.36342,-0.719064
1.36206,-0.722876
1.36077,-0.726333
1.35961,-0.729292
1.35843,-0.732121
1.35718,-0.734933
1.35594,-0.73755
1.3547,-0.740044
1.35343,-0.742485
1.35222,-0.744717
1.35104,-0.746799
1.34989,-0.748776
1.34885,-0.750518
1.34789,-0.752075
1.34702,-0.753473
1.34629,-0.754618
1.34571,-0.755541
1.34526,-0.756248
1.34498,-0.756682
1.34487,-0.756871
1.34462,-0.757265
1.3441,-0.75815
1.34336,-0.759473
1.34252,-0.761032
1.34168,-0.76264
1.34087,-0.76428
1.34007,-0.76597
1.3393,-0.767655
1.33853,-0.769435
1.3377,-0.771423
1.33684,-0.773552
1.33592,-0.775928
1.33487,-0.778679
1.33374,-0.781673
1.33257,-0.784758
1.33137,-0.787935
1.33021,-0.790999
1.32907,-0.79401
1.3279,-0.797097
1.32675,-0.800122
1.32557,-0.803198
1.32436,-0.806373
1.32318,-0.809454
1.32201,-0.812536
1.32079,-0.815712
1.31962,-0.818795
1.31844,-0.821878
1.31722,-0.825056
1.31604,-0.82814
1.31487,-0.831225
1.31353,-0.834732
1.31201,-0.838711
1.31037,-0.843078
1.30863,-0.84774
1.30692,-0.852324
1.30522,-0.856902
1.30355,-0.861371
1.30212,-0.865192
1.30085,-0.868481
1.29974,-0.871309
1.29883,-0.873556
1.29801,-0.875507
1.29728,-0.877206
1.29666,-0.878629
1.29611,-0.879867
1.29562,-0.880972
1.29521,-0.881902
1.29485,-0.882712
1.29452,-0.883444
1.29424,-0.884074
1.294,-0.884648
1.29376,-0.8852
1.29355,-0.885697
1.29337,-0.886137
1.29322,-0.886516
1.29311,-0.886793
1.29304,-0.886965
1.293,-0.887085
1.29298,-0.887136
1.29299,-0.887103
1.29302,-0.88698
1.29306,-0.886855
1.29309,-0.886745
1.29312,-0.886627
1.29315,-0.886514
1.29317,-0.886401
1.2932,-0.886284
1.29322,-0.88617
1.29324,-0.886056
1.29326,-0.885938
1.29328,-0.885823
1.2933,-0.885708
1.29331,-0.885589
1.29333,-0.885473
1.29334,-0.885357
1.29335,-0.885237
1.29336,-0.885121
1.29337,-0.885004
1.29338,-0.884883
1.29338,-0.884766
1.29338,-0.884649
1.29338,-0.884528
1.29338,-0.884411
1.29338,-0.884293
1.29338,-0.884171
1.29338,-0.884053
1.29337,-0.883935
1.29336,-0.883814
1.29335,-0.883696
1.29334,-0.883578
1.29333,-0.883457
1.29331,-0.88334
1.2933,-0.883222
1.29328,-0.883102
1.29326,-0.882985
1.29324,-0.882868
1.29322,-0.882748
1.2932,-0.882632
1.29317,-0.882516
1.29314,-0.882397
1.29311,-0.882281
1.29308,-0.882166
1.29305,-0.882048
1.29302,-0.881934
1.29299,-0.88182
1.29295,-0.881703
1.29291,-0.88159
1.29287,-0.881478
1.29283,-0.881362
1.29279,-0.88125
1.29275,-0.881139
1.2927,-0.881025
1.29265,-0.880915
1.2926,-0.880806
1.29273,-0.881108
1.2932,-0.882185
1.294,-0.883993
1.29513,-0.886466
1.29646,-0.889331
1.29785,-0.892326
1.29929,-0.895412
1.30068,-0.898407
1.30207,-0.901403
1.3035,-0.90449
1.30489,-0.907486
1.30628,-0.910482
1.30772,-0.913567
1.3091,-0.916552
1.31048,-0.919512
1.3119,-0.922582
1.31328,-0.925578
1.31467,-0.928573
1.3161,-0.931656
1.31748,-0.93464
1.31884,-0.937583
1.32024,-0.940593
1.32162,-0.943551
1.32301,-0.94654
1.32444,-0.949619
1.32583,-0.952608
1.32722,-0.955596
1.32865,-0.958676
1.33004,-0.961665
1.33144,-0.964655
1.33304,-0.968096
1.33492,-0.972126
1.33702,-0.976585
1.33919,-0.981202
1.34129,-0.985684
1.3434,-0.990167
1.34539,-0.994395
1.34701,-0.997812
1.34836,-1.0006
1.3495,-1.00288
1.35051,-1.00483
1.35143,-1.00656
1.35226,-1.00809
1.35294,-1.00933
1.35348,-1.01032
1.35388,-1.01106
1.35412,-1.01149
1.35423,-1.0117
1.3543,-1.01184
1.35437,-1.01198
1.35444,-1.01212
1.3545,-1.01226
1.35456,-1.0124
1.35462,-1.01254
1.35468,-1.01268
1.35474,-1.01283
1.35479,-1.01297
1.35484,-1.01312
1.35489,-1.01326
1.35493,-1.0134
1.35497,-1.01355
1.35501,-1.01369
1.35505,-1.01384
1.35508,-1.01398
1.35511,-1.01411
1.35514,-1.01424
1.35517,-1.0144
1.35519,-1.01454
1.35522,-1.01469
1.35524,-1.01484
1.35525,-1.01498
1.35527,-1.01513
1.35528,-1.01528
1.35529,-1.01542
1.3553,-1.01557
1.3553,-1.01572
1.35531,-1.01586
1.35531,-1.016
1.3553,-1.01615
1.3553,-1.0163
1.35529,-1.01644
1.35528,-1.01659
1.35524,-1.01704
1.3551,-1.01815
1.35485,-1.02002
1.35448,-1.02259
1.35402,-1.02568
1.35351,-1.02904
1.35302,-1.0323
1.35253,-1.03556
1.35202,-1.03893
1.35153,-1.04219
1.35104,-1.04546
1.35054,-1.04882
1.35005,-1.05209
1.34955,-1.05535
1.34905,-1.05872
1.34856,-1.06199
1.34806,-1.06526
1.34756,-1.06862
1.34707,-1.07189
1.34657,-1.07515
1.34607,-1.07849
1.34559,-1.08168
1.34511,-1.08484
1.3446,-1.08813
1.3441,-1.09135
1.3436,-1.09461
1.34308,-1.09796
1.34258,-1.10122
1.34208,-1.10448
1.34156,-1.10783
1.34102,-1.11136
1.34038,-1.11547
1.33963,-1.12035
1.33888,-1.12524
1.33813,-1.13013
1.33736,-1.13518
1.33669,-1.13954
1.33618,-1.14289
1.33581,-1.14532
1.33559,-1.14678
1.33545,-1.14772
1.33538,-1.1482
1.33535,-1.14836
1.33533,-1.1485
1.3353,-1.14866
1.33527,-1.1488
1.33524,-1.14895
1.3352,-1.1491
1.33517,-1.14925
1.33501,-1.14979
1.33458,-1.15115
1.33406,-1.15319
1.33328,-1.15579
1.33226,-1.15889
1.3312,-1.16202
1.33015,-1.16515
1.32906,-1.16837
1.32801,-1.1715
1.32695,-1.17462
1.32588,-1.17782
1.32483,-1.18094
1.32377,-1.18406
1.32269,-1.18728
1.32165,-1.19038
1.32062,-1.19343
1.31956,-1.19655
1.31852,-1.19961
1.31746,-1.20273
1.31636,-1.20594
1.3153,-1.20906
1.31423,-1.21218
1.31314,-1.2154
1.31207,-1.21852
1.31101,-1.22164
1.30991,-1.22486
1.30885,-1.22798
1.30778,-1.23111
1.30669,-1.23433
1.30562,-1.23745
1.30443,-1.24096
1.30293,-1.24533
1.30133,-1.25002
1.29972,-1.2547
1.29807,-1.25953
1.29646,-1.26422
1.29492,-1.2687
1.29344,-1.27296
1.29207,-1.27681
1.29071,-1.28047
1.28928,-1.28417
1.28789,-1.28768
1.28656,-1.29099
1.28528,-1.29415
1.28407,-1.29714
1.28286,-1.30012
1.2816,-1.30323
1.28036,-1.30628
1.27912,-1.30934
1.27784,-1.31248
1.27659,-1.31554
1.27535,-1.31859
1.27407,-1.32174
1.27282,-1.32479
1.27158,-1.32785
1.2703,-1.331
1.26905,-1.33405
1.26781,-1.33711
1.26653,-1.34026
1.26528,-1.34332
1.26403,-1.34638
1.26275,-1.34953
1.2615,-1.35259
1.26026,-1.35565
1.25897,-1.3588
1.25773,-1.36186
1.25648,-1.36492
1.2552,-1.36807
1.25395,-1.37113
1.25267,-1.37428
1.25131,-1.37766
1.24995,-1.38109
1.24855,-1.38466
1.24706,-1.38851
1.2455,-1.39249
1.24395,-1.39636
1.2426,-1.39974
1.24137,-1.4028
1.24015,-1.40586
1.23888,-1.40901
1.23766,-1.41207
1.23643,-1.41514
1.23517,-1.41829
1.23394,-1.42136
1.23272,-1.42442
1.23145,-1.42758
1.23023,-1.43064
1.229,-1.43371
1.22773,-1.43687
1.2265,-1.43993
1.22528,-1.443
1.22401,-1.44616
1.22278,-1.44923
1.22155,-1.45229
1.22029,-1.45545
1.21906,-1.45852
1.21783,-1.46159
1.21657,-1.46474
1.21535,-1.46778
1.21414,-1.47082
1.21287,-1.47398
1.21165,-1.47704
1.21043,-1.48009
1.2092,-1.48317
1.208,-1.48614
1.2068,-1.48914
1.20546,-1.49245
1.20396,-1.4961
1.20227,-1.50012
1.20041,-1.50447
1.19847,-1.50895
1.19651,-1.5135
1.19471,-1.51765
1.19338,-1.52072
1.19212,-1.52363
1.19077,-1.52675
1.18945,-1.52978
1.18814,-1.53281
1.18678,-1.53593
1.18547,-1.53896
1.18415,-1.54199
1.18279,-1.54512
1.18148,-1.54815
1.18016,-1.55118
1.17881,-1.5543
1.17749,-1.55732
1.17619,-1.56033
1.17485,-1.56342
1.17354,-1.56645
1.17223,-1.56948
1.17088,-1.57258
1.16959,-1.57555
1.16831,-1.57849
1.16699,-1.58153
1.16567,-1.58454
1.16435,-1.58756
1.16299,-1.59067
1.16167,-1.59369
1.16035,-1.59671
1.15899,-1.59982
1.15767,-1.60284
1.15634,-1.60587
1.15498,-1.60898
1.15366,-1.612
1.15217,-1.6154
1.1503,-1.61966
1.1483,-1.62418
1.1463,-1.62871
1.14424,-1.63338
1.14224,-1.63791
1.14037,-1.64216
1.13865,-1.646
1.13709,-1.64945
1.13555,-1.65278
1.13399,-1.65614
1.13249,-1.65934
1.13105,-1.66242
1.1296,-1.66549
1.1282,-1.66847
1.12681,-1.67141
1.1254,-1.6744
1.12402,-1.6773
1.12262,-1.68024
1.12116,-1.68331
1.11975,-1.68629
1.11833,-1.68926
1.11687,-1.69233
1.11546,-1.69531
1.11404,-1.69829
1.11258,-1.70136
1.11116,-1.70434
1.10974,-1.70732
1.10828,-1.71039
1.10687,-1.71337
1.10545,-1.71635
1.10399,-1.71942
1.10257,-1.7224
1.10115,-1.72539
1.09968,-1.72846
1.09826,-1.73145
1.09684,-1.73443
1.09538,-1.7375
1.09387,-1.74068
1.09222,-1.74418
1.09044,-1.748
1.08872,-1.75178
1.08701,-1.75565
1.08521,-1.75979
1.08352,-1.76372
1.08199,-1.76732
1.08068,-1.7705
1.07967,-1.77304
1.06101,-1.77231
1.06095,-1.77244
1.06089,-1.77258
1.06083,-1.77272
1.06078,-1.77285
1.06073,-1.77299
1.06068,-1.77312
1.06063,-1.77326
1.06058,-1.7734
1.06054,-1.77354
1.0605,-1.77368
1.06046,-1.77382
1.06042,-1.77396
1.06039,-1.7741
1.06036,-1.77424
1.06033,-1.77438
1.0603,-1.77453
1.06028,-1.77467
1.06026,-1.77481
1.06024,-1.77496
1.06022,-1.7751
1.06021,-1.77525
1.06019,-1.77539
1.06018,-1.77554
1.06018,-1.77569
1.06017,-1.77583
1.06017,-1.77598
1.06017,-1.77612
1.06017,-1.77627
1.06017,-1.77642
1.06018,-1.77656
1.06019,-1.77671
1.0602,-1.77686
1.06022,-1.77701
1.06023,-1.77715
1.06025,-1.7773
1.06027,-1.77745
1.0603,-1.77759
1.06033,-1.77774
1.06036,-1.77789
1.06039,-1.77803
1.06042,-1.77818
1.06046,-1.77833
1.0605,-1.77847
1.06054,-1.77864
1.0606,-1.77883
1.06068,-1.77907
1.06078,-1.77938
1.06088,-1.77971
1.061,-1.78005
1.06113,-1.78039
1.06125,-1.7807
1.06135,-1.78097
1.06145,-1.78118
1.06151,-1.78133
1.06158,-1.78147
1.06165,-1.78161
1.06172,-1.78174
1.06179,-1.78188
1.06187,-1.78202
1.06194,-1.78215
1.06202,-1.78228
1.06211,-1.78241
1.06219,-1.78254
1.06227,-1.78266
1.06236,-1.78279
1.06245,-1.78291
1.06254,-1.78303
1.06264,-1.78316
1.06273,-1.78327
1.06282,-1.78338
1.06292,-1.7835
1.063,-1.78359
1.06306,-1.78365
1.0631,-1.78369
1.06315,-1.78374
1.06322,-1.78381
1.06333,-1.78391
1.06344,-1.78401
1.06355,-1.7841
1.06366,-1.7842
1.06377,-1.78429
1.06388,-1.78439
1.064,-1.78448
1.06412,-1.78456
1.06423,-1.78465
1.06435,-1.78473
1.06447,-1.78482
1.06459,-1.78489
1.06472,-1.78497
1.06484,-1.78505
1.06497,-1.78512
1.06509,-1.78519
1.06522,-1.78526
1.06535,-1.78533
1.06548,-1.78539
1.06561,-1.78546
1.06574,-1.78552
1.06588,-1.78558
1.06601,-1.78563
1.06615,-1.78569
1.06629,-1.78574
1.06601,-1.78563
1.06505,-1.78526
1.06338,-1.78465
1.06114,-1.78384
1.05835,-1.78285
1.05515,-1.78172
1.05204,-1.78062
1.04893,-1.77952
1.04573,-1.77838
1.04268,-1.7773
1.03966,-1.77623
1.03653,-1.77511
1.03344,-1.774
1.03036,-1.7729
1.02719,-1.77176
1.02408,-1.77065
1.02098,-1.76954
1.01778,-1.76839
1.01468,-1.76728
1.01157,-1.76617
1.00838,-1.76503
1.00527,-1.76392
1.00217,-1.76281
0.998969,-1.76166
0.995863,-1.76055
0.992757,-1.75944
0.989556,-1.7583
0.986449,-1.75718
0.983341,-1.75607
0.980138,-1.75493
0.977129,-1.75386
0.973749,-1.7527
0.969581,-1.75132
0.96501,-1.74983
0.960299,-1.7483
0.955446,-1.74672
0.950939,-1.74526
0.946789,-1.74394
0.942862,-1.74271
0.939364,-1.74166
0.93616,-1.74075
0.93293,-1.73988
0.929688,-1.73906
0.92643,-1.73826
0.923129,-1.73745
0.919916,-1.73667
0.916725,-1.73589
0.913423,-1.73509
0.910221,-1.73431
0.907019,-1.73353
0.90372,-1.73272
0.900518,-1.73194
0.897315,-1.73116
0.894015,-1.73036
0.890811,-1.72958
0.887607,-1.7288
0.884306,-1.728
0.8811,-1.72722
0.877895,-1.72644
0.874591,-1.72563
0.871384,-1.72485
0.868177,-1.72407
0.864871,-1.72327
0.861663,-1.72248
0.858454,-1.7217
0.855146,-1.7209
0.851936,-1.72012
0.848726,-1.71934
0.845418,-1.71853
0.842208,-1.71775
0.838999,-1.71697
0.835552,-1.71612
0.832016,-1.71524
0.828349,-1.71429
0.824466,-1.71325
0.820605,-1.71217
0.816557,-1.711
0.812399,-1.70977
0.808848,-1.7087
0.806003,-1.70783
0.803846,-1.70715
0.802502,-1.70672
0.801897,-1.70651
0.801733,-1.70646
0.801319,-1.70631
0.800326,-1.70592
0.798646,-1.70523
0.796418,-1.70429
0.793815,-1.70317
0.790787,-1.70184
0.787765,-1.70052
0.784743,-1.69919
0.781628,-1.69783
0.778605,-1.6965
0.775581,-1.69518
0.772465,-1.69381
0.76944,-1.69249
0.766415,-1.69116
0.763297,-1.68979
0.76027,-1.68847
0.757243,-1.68714
0.754125,-1.68577
0.751098,-1.68445
0.748073,-1.68312
0.744956,-1.68176
0.741933,-1.68043
0.738922,-1.67911
0.735869,-1.67777
0.732951,-1.67649
0.730018,-1.67519
0.726925,-1.67383
0.723911,-1.67249
0.720896,-1.67116
0.717791,-1.66979
0.714565,-1.66837
0.71087,-1.66673
0.706494,-1.66479
0.701973,-1.66278
0.697451,-1.66077
0.692791,-1.6587
0.688771,-1.65692
0.685616,-1.65551
0.682508,-1.65413
0.67949,-1.65279
0.676472,-1.65145
0.673362,-1.65007
0.670343,-1.64873
0.667323,-1.64739
0.664212,-1.646
0.661191,-1.64466
0.658172,-1.64332
0.655061,-1.64194
0.652043,-1.6406
0.649027,-1.63925
0.645928,-1.63788
0.642966,-1.63656
0.640051,-1.63526
0.63704,-1.63392
0.634049,-1.63258
0.631041,-1.63123
0.627942,-1.62984
0.624935,-1.62849
0.621928,-1.62715
0.618829,-1.62576
0.61582,-1.62441
0.612812,-1.62306
0.609711,-1.62167
0.606701,-1.62032
0.603691,-1.61898
0.600589,-1.61759
0.597578,-1.61624
0.594183,-1.61472
0.589912,-1.6128
0.585402,-1.61076
0.580887,-1.60873
0.576235,-1.60663
0.571718,-1.60459
0.567502,-1.60269
0.563716,-1.60099
0.560503,-1.59954
0.557489,-1.59819
0.554386,-1.5968
0.551383,-1.59545
0.548419,-1.59412
0.545417,-1.59277
0.542506,-1.59145
0.539527,-1.5901
0.536433,-1.5887
0.533431,-1.58734
0.530429,-1.58599
0.527336,-1.58459
0.524333,-1.58323
0.52133,-1.58187
0.518235,-1.58047
0.515231,-1.57911
0.512227,-1.57775
0.509131,-1.57635
0.506125,-1.57499
0.503119,-1.57363
0.500021,-1.57223
0.497014,-1.57087
0.494006,-1.5695
0.490907,-1.5681
0.487898,-1.56674
0.484889,-1.56538
0.481788,-1.56398
0.478777,-1.56261
0.475766,-1.56125
0.472402,-1.55973
0.468716,-1.55805
0.46473,-1.55622
0.460482,-1.55424
0.456393,-1.55231
0.452349,-1.55038
0.44831,-1.54841
0.444679,-1.54661
0.441483,-1.545
0.438573,-1.54352
0.435793,-1.54209
0.432872,-1.54058
0.429855,-1.53902
0.426927,-1.53751
0.423998,-1.536
0.420979,-1.53444
0.418049,-1.53292
0.415119,-1.53141
0.412099,-1.52985
0.409167,-1.52834
0.406235,-1.52682
0.403214,-1.52526
0.40028,-1.52375
0.397347,-1.52223
0.394324,-1.52067
0.391389,-1.51915
0.388454,-1.51764
0.385429,-1.51607
0.382493,-1.51456
0.379556,-1.51304
0.376531,-1.51148
0.373596,-1.50996
0.370662,-1.50845
0.36764,-1.50688
0.364713,-1.50537
0.361822,-1.50388
0.358895,-1.50236
0.356062,-1.50089
0.353164,-1.49939
0.350043,-1.49777
0.346762,-1.49606
0.343135,-1.49418
0.338939,-1.49199
0.334558,-1.48971
0.33017,-1.48742
0.326157,-1.48533
0.323211,-1.48379
0.321217,-1.48275
0.32007,-1.48215
0.319588,-1.4819
0.319649,-1.48193
0.31976,-1.48198
0.319869,-1.48203
0.319979,-1.48207
0.320093,-1.48212
0.320204,-1.48216
0.320316,-1.4822
0.320431,-1.48224
0.320544,-1.48228
0.320658,-1.48232
0.320775,-1.48236
0.320889,-1.48239
0.321004,-1.48242
0.321123,-1.48245
0.321239,-1.48248
0.321356,-1.48251
0.321476,-1.48254
0.321593,-1.48257
0.32171,-1.48259
0.321832,-1.48261
0.32195,-1.48263
0.322068,-1.48265
0.32219,-1.48267
0.322309,-1.48268
0.322428,-1.4827
0.32255,-1.48271
0.322669,-1.48272
0.322549,-1.48271
0.321983,-1.48266
0.320995,-1.48259
0.319574,-1.48249
0.317662,-1.48237
0.315379,-1.48224
0.312716,-1.48207
0.309886,-1.48187
0.307091,-1.48164
0.304201,-1.4814
0.301094,-1.48111
0.297961,-1.48082
0.294698,-1.48051
0.291314,-1.48019
0.28803,-1.47987
0.284744,-1.47956
0.281359,-1.47923
0.278072,-1.47892
0.274785,-1.47861
0.271398,-1.47828
0.26811,-1.47797
0.264822,-1.47765
0.261434,-1.47733
0.258147,-1.47701
0.254859,-1.4767
0.251473,-1.47637
0.24819,-1.47606
0.244917,-1.47575
0.241529,-1.47542
0.238246,-1.47511
0.234756,-1.47477
0.230724,-1.4744
0.226373,-1.474
0.221646,-1.47356
0.216688,-1.4731
0.211905,-1.47264
0.207486,-1.47221
0.203636,-1.47185
0.200607,-1.4716
0.198167,-1.47143
0.195906,-1.47131
0.193922,-1.47122
0.192123,-1.47116
0.19044,-1.47111
0.188951,-1.47107
0.18758,-1.47104
0.186253,-1.47101
0.184983,-1.47098
0.183733,-1.47095
0.182486,-1.47092
0.181334,-1.47089
0.18026,-1.47086
0.179254,-1.47082
0.178395,-1.47079
0.17767,-1.47076
0.176711,-1.4707
0.175282,-1.4706
0.173471,-1.47044
0.171536,-1.47024
0.169628,-1.46999
0.167642,-1.4697
0.165465,-1.46934
0.163181,-1.46892
0.160684,-1.46844
0.15788,-1.46786
0.154972,-1.46725
0.151872,-1.46659
0.148571,-1.46589
0.145346,-1.46521
0.142122,-1.46452
0.1388,-1.46382
0.135575,-1.46313
0.13235,-1.46245
0.129027,-1.46174
0.125801,-1.46106
0.122574,-1.46037
0.119249,-1.45967
0.116022,-1.45898
0.112793,-1.4583
0.109466,-1.45759
0.106237,-1.45691
0.103007,-1.45622
0.0996783,-1.45552
0.0964474,-1.45483
0.0932163,-1.45415
0.0895786,-1.45337
0.0855563,-1.45249
0.0814392,-1.45155
0.0772517,-1.45054
0.0732015,-1.44952
0.0690997,-1.44844
0.0648364,-1.44727
0.0609083,-1.44617
0.0573654,-1.44514
0.0540958,-1.44413
0.05128,-1.4432
0.0488254,-1.44231
0.046681,-1.44147
0.0449695,-1.44073
0.0434997,-1.44004
0.0422074,-1.43938
0.0411857,-1.43881
0.0402649,-1.43827
0.0390673,-1.43754
0.0375614,-1.43656
0.0357885,-1.43537
0.0337617,-1.43396
0.0315708,-1.4324
0.0291303,-1.43064
0.0263966,-1.42865
0.023728,-1.42671
0.021059,-1.42477
0.0183086,-1.42278
0.0156387,-1.42084
0.0129683,-1.4189
0.0102165,-1.4169
0.00754518,-1.41496
0.00487336,-1.41302
0.00212008,-1.41102
-0.000552717,-1.40908
-0.00322599,-1.40714
-0.00598073,-1.40514
-0.00865482,-1.4032
-0.011329,-1.40126
-0.0140838,-1.39926
-0.016757,-1.39731
-0.0194294,-1.39537
-0.0221814,-1.39337
-0.0248482,-1.39144
-0.0274875,-1.38952
-0.0301544,-1.38758
-0.0327368,-1.3857
-0.0353929,-1.38377
-0.0382991,-1.38165
-0.0413797,-1.37941
-0.0448046,-1.3769
-0.0487623,-1.37401
-0.0527546,-1.37109
-0.0563234,-1.36848
-0.0591217,-1.36643
-0.0609683,-1.36507
-0.0620193,-1.3643
-0.0625119,-1.36394
-0.0624964,-1.36395
-0.0623711,-1.36403
-0.0622405,-1.36411
-0.0621124,-1.36419
-0.0619831,-1.36426
-0.0618484,-1.36433
-0.0617165,-1.3644
-0.0615833,-1.36447
-0.0618534,-1.36433
-0.0627921,-1.36385
-0.0643808,-1.36308
-0.0665556,-1.36207
-0.0691721,-1.36087
-0.07216,-1.35952
-0.0752571,-1.35811
-0.0782636,-1.35674
-0.0812703,-1.35538
-0.0843682,-1.35397
-0.087375,-1.35261
-0.0903813,-1.35124
-0.0934741,-1.34984
-0.0964411,-1.34849
-0.0993668,-1.34716
-0.102384,-1.34578
-0.105357,-1.34441
-0.108357,-1.34304
-0.111448,-1.34162
-0.114447,-1.34024
-0.117446,-1.33887
-0.120531,-1.33745
-0.123503,-1.33609
-0.126476,-1.33473
-0.129566,-1.33331
-0.132563,-1.33194
-0.13556,-1.33056
-0.138648,-1.32915
-0.141645,-1.32778
-0.144643,-1.3264
-0.148064,-1.32484
-0.152032,-1.32303
-0.156499,-1.321
-0.161142,-1.31889
-0.165649,-1.31684
-0.170157,-1.31479
-0.174398,-1.31287
-0.177885,-1.3113
-0.181117,-1.30987
-0.184276,-1.30848
-0.187284,-1.30716
-0.190263,-1.30584
-0.193285,-1.30451
-0.196217,-1.30321
-0.199188,-1.30188
-0.202294,-1.3005
-0.205309,-1.29915
-0.208323,-1.29781
-0.211427,-1.29643
-0.214438,-1.29509
-0.217428,-1.29375
-0.220504,-1.29238
-0.223518,-1.29104
-0.22653,-1.2897
-0.229633,-1.28832
-0.232645,-1.28698
-0.235657,-1.28564
-0.23876,-1.28426
-0.241773,-1.28292
-0.244786,-1.28158
-0.247892,-1.2802
-0.250906,-1.27886
-0.253921,-1.27752
-0.257028,-1.27613
-0.260044,-1.27479
-0.263061,-1.27345
-0.266509,-1.27191
-0.270424,-1.27015
-0.274532,-1.26826
-0.278814,-1.26627
-0.282947,-1.26432
-0.28704,-1.26236
-0.291275,-1.2603
-0.295196,-1.25837
-0.298736,-1.2566
-0.302121,-1.25489
-0.305271,-1.25329
-0.30834,-1.25172
-0.311449,-1.25012
-0.31438,-1.24861
-0.317312,-1.2471
-0.320332,-1.24554
-0.323262,-1.24403
-0.326193,-1.24252
-0.329213,-1.24097
-0.332145,-1.23946
-0.335077,-1.23795
-0.338098,-1.23639
-0.341032,-1.23488
-0.343965,-1.23337
-0.346989,-1.23182
-0.349923,-1.23031
-0.352859,-1.2288
-0.355884,-1.22724
-0.35882,-1.22573
-0.361756,-1.22422
-0.364781,-1.22266
-0.367718,-1.22115
-0.370653,-1.21964
-0.373671,-1.21809
-0.37656,-1.2166
-0.379416,-1.21512
-0.382371,-1.21359
-0.385286,-1.21208
-0.388361,-1.21048
-0.39181,-1.20868
-0.395403,-1.20681
-0.399205,-1.20484
-0.40322,-1.20279
-0.407218,-1.20077
-0.410941,-1.19892
-0.414068,-1.19736
-0.416373,-1.1962
-0.418539,-1.1951
-0.421269,-1.1937
-0.424204,-1.1922
-0.42714,-1.19069
-0.430166,-1.18914
-0.433103,-1.18764
-0.436041,-1.18614
-0.439069,-1.18459
-0.442008,-1.18308
-0.444947,-1.18158
-0.447976,-1.18003
-0.450916,-1.17853
-0.453855,-1.17702
-0.456884,-1.17547
-0.459823,-1.17397
-0.462754,-1.17247
-0.465732,-1.17094
-0.468591,-1.16947
-0.471463,-1.16799
-0.474472,-1.16644
-0.477405,-1.16493
-0.480337,-1.16341
-0.483357,-1.16185
-0.486288,-1.16034
-0.489212,-1.15883
-0.492198,-1.15729
-0.495109,-1.15579
-0.498041,-1.15428
-0.50106,-1.15272
-0.503991,-1.15121
-0.507174,-1.14957
-0.511018,-1.14761
-0.515216,-1.14548
-0.519633,-1.14326
-0.524186,-1.14096
-0.528605,-1.13873
-0.532599,-1.13672
-0.535884,-1.13508
-0.538313,-1.13388
-0.539993,-1.13307
-0.541644,-1.1323
-0.543806,-1.13131
-0.546496,-1.13009
-0.549463,-1.12874
-0.552374,-1.1274
-0.555264,-1.12608
-0.558193,-1.12472
-0.561023,-1.1234
-0.563883,-1.12206
-0.566902,-1.12064
-0.569888,-1.11924
-0.572874,-1.11783
-0.575949,-1.11638
-0.578934,-1.11498
-0.581915,-1.11357
-0.584966,-1.11214
-0.587922,-1.11074
-0.590906,-1.10934
-0.59398,-1.1079
-0.596963,-1.10649
-0.599946,-1.10509
-0.60302,-1.10364
-0.606004,-1.10224
-0.608988,-1.10084
-0.612063,-1.09939
-0.615049,-1.09799
-0.618035,-1.09658
-0.621112,-1.09514
-0.624099,-1.09373
-0.627086,-1.09233
-0.630502,-1.09072
-0.634389,-1.08887
-0.638481,-1.08689
-0.642758,-1.0848
-0.646896,-1.08275
-0.650991,-1.08069
-0.654946,-1.07868
-0.658308,-1.07696
-0.661199,-1.07548
-0.663686,-1.0742
-0.665632,-1.07319
-0.667139,-1.07241
-0.668259,-1.07182
-0.668961,-1.07144
-0.669449,-1.07118
-0.669816,-1.07097
-0.670056,-1.07084
-0.6702,-1.07076
-0.670305,-1.0707
-0.670406,-1.07064
-0.670508,-1.07058
-0.670611,-1.07052
-0.670708,-1.07045
-0.670785,-1.07035
-0.670821,-1.07021
-0.670801,-1.07002
-0.670736,-1.0698
-0.670646,-1.06957
-0.670557,-1.06936
-0.670486,-1.06918
-0.670465,-1.06903
-0.670535,-1.06893
-0.670626,-1.06886
-0.670719,-1.06878
-0.670809,-1.0687
-0.670897,-1.06863
-0.670987,-1.06854
-0.671073,-1.06846
-0.671158,-1.06838
-0.671245,-1.0683
-0.671328,-1.06821
-0.671409,-1.06813
-0.671681,-1.06782
-0.672264,-1.06716
-0.67311,-1.06617
-0.674242,-1.0648
-0.675501,-1.06322
-0.676751,-1.0616
-0.677994,-1.05993
-0.67916,-1.0583
-0.680313,-1.05662
-0.681515,-1.0548
-0.682718,-1.05292
-0.683981,-1.05087
-0.685369,-1.04857
-0.686824,-1.0461
-0.688411,-1.04339
-0.690124,-1.04045
-0.691787,-1.0376
-0.69345,-1.03475
-0.695163,-1.03181
-0.696826,-1.02895
-0.698489,-1.0261
-0.700202,-1.02316
-0.701865,-1.02031
-0.703527,-1.01746
-0.705239,-1.01452
-0.706894,-1.01168
-0.708526,-1.00888
-0.710206,-1.00601
-0.711863,-1.00318
-0.71353,-1.00033
-0.715359,-0.997212
-0.717338,-0.99385
-0.719543,-0.990124
-0.72203,-0.985926
-0.724503,-0.981739
-0.726963,-0.977561
-0.729301,-0.973585
-0.731244,-0.970318
-0.732839,-0.967698
-0.734097,-0.965698
-0.734904,-0.964468
-0.735309,-0.963875
-0.735503,-0.963603
-0.735487,-0.963615
-0.73539,-0.96373
-0.735288,-0.963847
-0.735187,-0.963958
-0.735084,-0.964068
-0.734976,-0.96418
-0.734869,-0.964286
-0.734761,-0.964391
-0.734647,-0.964497
-0.734535,-0.964598
-0.734422,-0.964698
-0.734303,-0.964798
-0.734186,-0.964894
-0.734067,-0.964988
-0.733943,-0.965082
-0.733822,-0.965172
-0.733698,-0.96526
-0.73357,-0.965348
-0.733444,-0.965432
-0.733316,-0.965513
-0.733183,-0.965595
-0.733054,-0.965672
-0.732923,-0.965747
-0.732787,-0.965821
-0.732654,-0.965891
-0.73252,-0.965959
-0.732381,-0.966026
-0.732246,-0.966089
-0.73211,-0.966149
-0.731969,-0.966209
-0.731832,-0.966264
-0.731696,-0.966316
-0.73156,-0.966365
-0.731294,-0.966464
-0.73084,-0.966631
-0.730207,-0.966868
-0.729716,-0.967055
-0.729391,-0.967182
-0.729232,-0.967248
-0.729195,-0.967266
-0.729272,-0.967237
-0.729382,-0.967192
-0.729489,-0.967148
-0.729595,-0.967102
-0.729703,-0.967053
-0.729807,-0.967004
-0.729911,-0.966954
-0.730017,-0.966901
-0.730119,-0.966848
-0.73022,-0.966794
-0.730324,-0.966737
-0.730424,-0.96668
-0.730524,-0.966622
-0.730626,-0.96656
-0.731035,-0.966291
-0.732031,-0.96562
-0.733637,-0.964514
-0.735771,-0.963018
-0.738294,-0.961227
-0.741064,-0.959256
-0.743752,-0.957343
-0.746441,-0.955429
-0.749212,-0.953457
-0.751902,-0.951543
-0.754593,-0.949628
-0.757366,-0.947655
-0.760057,-0.94574
-0.762749,-0.943824
-0.765523,-0.941851
-0.768215,-0.939935
-0.770907,-0.938019
-0.773681,-0.936045
-0.776371,-0.93413
-0.779057,-0.932219
-0.78179,-0.930272
-0.784413,-0.9284
-0.787045,-0.926519
-0.789777,-0.924563
-0.792411,-0.92268
-0.795073,-0.920779
-0.797838,-0.918804
-0.80052,-0.916889
-0.803202,-0.914974
-0.805965,-0.913
-0.808596,-0.911115
-0.81149,-0.908999
-0.81495,-0.90641
-0.818633,-0.903611
-0.822554,-0.900617
-0.826607,-0.897522
-0.830111,-0.894847
-0.83279,-0.892803
-0.834699,-0.891349
-0.835749,-0.89055
-0.836211,-0.8902
-0.836188,-0.890211
-0.836066,-0.890293
-0.835942,-0.890372
-0.835814,-0.890452
-0.835687,-0.890527
-0.83556,-0.8906
-0.835427,-0.890674
-0.835297,-0.890743
-0.835166,-0.890809
-0.83503,-0.890876
-0.834896,-0.890939
-0.834762,-0.890999
-0.834622,-0.891059
-0.834485,-0.891115
-0.834348,-0.891168
-0.834555,-0.891084
-0.835311,-0.89079
-0.836583,-0.890305
-0.838412,-0.889611
-0.840628,-0.888757
-0.842903,-0.88785
-0.84519,-0.886906
-0.847393,-0.885963
-0.84962,-0.884976
-0.851981,-0.883895
-0.854379,-0.882767
-0.856918,-0.881546
-0.859722,-0.880178
-0.862643,-0.878744
-0.865606,-0.877288
-0.868659,-0.875788
-0.871622,-0.874331
-0.874585,-0.872875
-0.877637,-0.871376
-0.880599,-0.86992
-0.883552,-0.868469
-0.88657,-0.866987
-0.889514,-0.865542
-0.892476,-0.864089
-0.895527,-0.862593
-0.898487,-0.86114
-0.901448,-0.859688
-0.904499,-0.858192
-0.907461,-0.85674
-0.910423,-0.855287
-0.913755,-0.853652
-0.917504,-0.851802
-0.921554,-0.849775
-0.925781,-0.847631
-0.929863,-0.845534
-0.933904,-0.843431
-0.93772,-0.841422
-0.940789,-0.839804
-0.943206,-0.838542
-0.945004,-0.837619
-0.946048,-0.837094
-0.946376,-0.836931
-0.946244,-0.836988
-0.946108,-0.837044
-0.94597,-0.837098
-0.945827,-0.837151
-0.946075,-0.837053
-0.946993,-0.836711
-0.948645,-0.836113
-0.950941,-0.835298
-0.953856,-0.834277
-0.957068,-0.833154
-0.960186,-0.832065
-0.963304,-0.830975
-0.966517,-0.829852
-0.969634,-0.828763
-0.972752,-0.827673
-0.975963,-0.826551
-0.979079,-0.825462
-0.982185,-0.824377
-0.985366,-0.823266
-0.98848,-0.822179
-0.991595,-0.821093
-0.994803,-0.819973
-0.997918,-0.818887
-1.00103,-0.817801
-1.00424,-0.816682
-1.00735,-0.815597
-1.01047,-0.814512
-1.01365,-0.813401
-1.0167,-0.812338
-1.01972,-0.811278
-1.02286,-0.810172
-1.02596,-0.809077
-1.02907,-0.80798
-1.03228,-0.806849
-1.0357,-0.805636
-1.03975,-0.804186
-1.04427,-0.80253
-1.04891,-0.800826
-1.05355,-0.799116
-1.05834,-0.797354
-1.06262,-0.795778
-1.06622,-0.794432
-1.06966,-0.793117
-1.07285,-0.791885
-1.07593,-0.790696
-1.0791,-0.789473
-1.08214,-0.788297
-1.08521,-0.787117
-1.08838,-0.785894
-1.09146,-0.784707
-1.09453,-0.783521
-1.09771,-0.782299
-1.10078,-0.781114
-1.10386,-0.779929
-1.10703,-0.778708
-1.1101,-0.777527
-1.11312,-0.776362
-1.1162,-0.775171
-1.1192,-0.774005
-1.12225,-0.772815
-1.12542,-0.771582
-1.12849,-0.770385
-1.13157,-0.769188
-1.13473,-0.767954
-1.13781,-0.766757
-1.14089,-0.765559
-1.14405,-0.764324
-1.14713,-0.763125
-1.15021,-0.761926
-1.15338,-0.76069
-1.15646,-0.759491
-1.15953,-0.758291
-1.16299,-0.756942
-1.16686,-0.755454
-1.17095,-0.753906
-1.1752,-0.752328
-1.17936,-0.750816
-1.18362,-0.749292
-1.1878,-0.747815
-1.19134,-0.746579
-1.19434,-0.745542
-1.19686,-0.744681
-1.19913,-0.74393
-1.20169,-0.743086
-1.20461,-0.742121
-1.20745,-0.741171
-1.21023,-0.740225
-1.21308,-0.739239
-1.21588,-0.738255
-1.21875,-0.737233
-1.22182,-0.736128
-1.22491,-0.735011
-1.22801,-0.73389
-1.23121,-0.732736
-1.23431,-0.731615
-1.23742,-0.730494
-1.24062,-0.729338
-1.24372,-0.728216
-1.24683,-0.727094
-1.25003,-0.725938
-1.25314,-0.724815
-1.25624,-0.723692
-1.25944,-0.722535
-1.26255,-0.721413
-1.26565,-0.72029
-1.26885,-0.719133
-1.27196,-0.718012
-1.27504,-0.716896
-1.27822,-0.715751
-1.28132,-0.714631
-1.28443,-0.713511
-1.28762,-0.712358
-1.29089,-0.71118
-1.29448,-0.70988
-1.29851,-0.708402
-1.30249,-0.7069
-1.30644,-0.705366
-1.31054,-0.703727
-1.31429,-0.70219
-1.31741,-0.700914
-1.31977,-0.699954
-1.32123,-0.699369
-1.32259,-0.698837
-1.32468,-0.698035
-1.32738,-0.696998
-1.33045,-0.695819
-1.33362,-0.694597
-1.3367,-0.69341
-1.33978,-0.692224
-1.34296,-0.691001
-1.34604,-0.689813
-1.34912,-0.688626
-1.3523,-0.687402
-1.35538,-0.686214
-1.35846,-0.685027
-1.36164,-0.683804
-1.36472,-0.682617
-1.36779,-0.681434
-1.37093,-0.680224
-1.37401,-0.679042
-1.37709,-0.677858
-1.38026,-0.676638
-1.38334,-0.675455
-1.38642,-0.674272
-1.38959,-0.673053
-1.39266,-0.671873
-1.39569,-0.670706
-1.39877,-0.669518
-1.40177,-0.668357
-1.40481,-0.667176
-1.40798,-0.665945
-1.41105,-0.664751
-1.41443,-0.663436
-1.41852,-0.66182
-1.42283,-0.660087
-1.42738,-0.658242
-1.43211,-0.656325
-1.4367,-0.654464
-1.44087,-0.65277
-1.44438,-0.651334
-1.44707,-0.650213
-1.44917,-0.649314
-1.45096,-0.648527
-1.45233,-0.647913
-1.45334,-0.647465
-1.45451,-0.646947
-1.45623,-0.646196
-1.45848,-0.645241
-1.46108,-0.644157
-1.4638,-0.643045
-1.46664,-0.641892
-1.46963,-0.640688
-1.47253,-0.639526
-1.47545,-0.638366
-1.47851,-0.637151
-1.48157,-0.63594
-1.48464,-0.634729
-1.48777,-0.63349
-1.49076,-0.632305
-1.49374,-0.63112
-1.49684,-0.629881
-1.4999,-0.628659
-1.50296,-0.627435
-1.50611,-0.626175
-1.50917,-0.624951
-1.51224,-0.623727
-1.51539,-0.622466
-1.51845,-0.621241
-1.52152,-0.620016
-1.52468,-0.618754
-1.52774,-0.617529
-1.5308,-0.616303
-1.53396,-0.61504
-1.53703,-0.613814
-1.5401,-0.612587
-1.54362,-0.61118
-1.54767,-0.609562
-1.55218,-0.60777
-1.55692,-0.605887
-1.56153,-0.60406
-1.56612,-0.602237
-1.57069,-0.600422
-1.57482,-0.598771
-1.57863,-0.597229
-1.58222,-0.595744
-1.58539,-0.594406
-1.58831,-0.593159
-1.59109,-0.591953
-1.5936,-0.59085
-1.59596,-0.589805
-1.59827,-0.588788
-1.60047,-0.587811
-1.60275,-0.586783
-1.60525,-0.585633
-1.60781,-0.584434
-1.61048,-0.58316
-1.61341,-0.581754
-1.61637,-0.580324
-1.61934,-0.578893
-1.6224,-0.577418
-1.62537,-0.575986
-1.62834,-0.574554
-1.6314,-0.573078
-1.63438,-0.571646
-1.63735,-0.570213
-1.64041,-0.568737
-1.64338,-0.567304
-1.64636,-0.56587
-1.64942,-0.564393
-1.6524,-0.562959
-1.65537,-0.561524
-1.65844,-0.560046
-1.66142,-0.558611
-1.66439,-0.557176
-1.66746,-0.555697
-1.67044,-0.554262
-1.67341,-0.552827
-1.67648,-0.551349
-1.67945,-0.549915
-1.68242,-0.548482
-1.68547,-0.547004
-1.68841,-0.545597
-1.69141,-0.544152
-1.69467,-0.542564
-1.69812,-0.540869
-1.70193,-0.538967
-1.70576,-0.537026
-1.70881,-0.53548
-1.71101,-0.534362
-1.71239,-0.533659
-1.7131,-0.533296
-1.71328,-0.533201
-1.71315,-0.533261
-1.71301,-0.533319
-1.71287,-0.533375
-1.71273,-0.533431
-1.71258,-0.533482
-1.71244,-0.533532
-1.71229,-0.53358
-1.71215,-0.533624
-1.71201,-0.533666
-1.71186,-0.533707
-1.71171,-0.533744
-1.71156,-0.533779
-1.71141,-0.533812
-1.71158,-0.533771
-1.71231,-0.533615
-1.71359,-0.533373
-1.71521,-0.533105
-1.71722,-0.532808
-1.71976,-0.532466
-1.72271,-0.532089
-1.72598,-0.531676
-1.72936,-0.53125
-1.73263,-0.530837
-1.73591,-0.530424
-1.73928,-0.529999
-1.74255,-0.529586
-1.74583,-0.529173
-1.74918,-0.52875
-1.75238,-0.528344
-1.75556,-0.527937
-1.75885,-0.52751
-1.76211,-0.527085
-1.76538,-0.526657
-1.76876,-0.526217
-1.77203,-0.525789
-1.7753,-0.525361
-1.77868,-0.52492
-1.78195,-0.524492
-1.78522,-0.524064
-1.78859,-0.523624
-1.79185,-0.523197
-1.79512,-0.52277
-1.79849,-0.52233
-1.80201,-0.521873
-1.80606,-0.521363
-1.81067,-0.520812
-1.81549,-0.520251
-1.82041,-0.519681
