0.00421354,4.22188e-06,0.00730743
0.00421354,4.22188e-06,0.00730743
0.00421558,4.27012e-06,0.00730818
0.00421558,4.27012e-06,0.00730818
0.00421558,4.27012e-06,0.00730818
0.00421558,4.27012e-06,0.00730818
0.00421663,4.29497e-06,0.00730856
0.00421663,4.29497e-06,0.00730856
0.00465067,7.39621e-06,0.00735562
0.00465067,7.39621e-06,0.00735562
0.00465067,7.39621e-06,0.00735562
0.00465067,7.39621e-06,0.00735562
0.00592454,1.64815e-05,0.00749346
0.00592454,1.64815e-05,0.00749346
0.00592454,1.64815e-05,0.00749346
0.00592454,1.64815e-05,0.00749346
0.00809901,3.24022e-05,0.007735
0.00809901,3.24022e-05,0.007735
0.00809901,3.24022e-05,0.007735
0.00809901,3.24022e-05,0.007735
0.00809901,3.24022e-05,0.007735
0.0110128,5.43979e-05,0.00806872
0.0110128,5.43979e-05,0.00806872
0.0110128,5.43979e-05,0.00806872
0.0110128,5.43979e-05,0.00806872
0.0110128,5.43979e-05,0.00806872
0.0190767,0.000118908,0.00876196
0.0190767,0.000118908,0.00876196
0.0190767,0.000118908,0.00876196
0.0190767,0.000118908,0.00876196
0.0238678,0.000158859,0.00854625
0.0289808,0.000198427,0.00756028
0.0289808,0.000198427,0.00756028
0.0289808,0.000198427,0.00756028
0.0289808,0.000198427,0.00756028
0.0289808,0.000198427,0.00756028
0.0343889,0.000228521,0.00566774
0.0343889,0.000228521,0.00566774
0.0343889,0.000228521,0.00566774
0.0343889,0.000228521,0.00566774
0.039677,0.000250014,0.00488973
0.039677,0.000250014,0.00488973
0.039677,0.000250014,0.00488973
0.039677,0.000250014,0.00488973
0.0450923,0.000281613,0.00544825
0.0450923,0.000281613,0.00544825
0.0450923,0.000281613,0.00544825
0.0450923,0.000281613,0.00544825
0.0450923,0.000281613,0.00544825
0.0571358,0.000356327,0.00664425
0.0571358,0.000356327,0.00664425
0.0571358,0.000356327,0.00664425
0.0571358,0.000356327,0.00664425
0.0637053,0.000400764,0.00684693
0.0637053,0.000400764,0.00684693
0.0705026,0.000447327,0.00686254
0.0705026,0.000447327,0.00686254
0.0705026,0.000447327,0.00686254
0.0705026,0.000447327,0.00686254
0.0771012,0.000492624,0.0068732
0.0771012,0.000492624,0.0068732
0.0771012,0.000492624,0.0068732
0.0771012,0.000492624,0.0068732
0.0837009,0.000537984,0.00687952
0.0837009,0.000537984,0.00687952
0.0837009,0.000537984,0.00687952
0.0837009,0.000537984,0.00687952
0.0837009,0.000537984,0.00687952
0.0905017,0.000584755,0.0068819
0.0905017,0.000584755,0.0068819
0.0905017,0.000584755,0.0068819
0.0905017,0.000584755,0.0068819
0.103707,0.000675546,0.00687539
0.103707,0.000675546,0.00687539
0.103707,0.000675546,0.00687539
0.103707,0.000675546,0.00687539
0.103707,0.000675546,0.00687539
0.110512,0.000722263,0.00686621
0.117117,0.000767512,0.00685101
0.117117,0.000767512,0.00685101
0.117117,0.000767512,0.00685101
0.117117,0.000767512,0.00685101
0.12372,0.000812687,0.00683733
0.12372,0.000812687,0.00683733
0.12372,0.000812687,0.00683733
0.12372,0.000812687,0.00683733
0.130521,0.000859445,0.00683166
0.130521,0.000859445,0.00683166
0.130521,0.000859445,0.00683166
0.130521,0.000859445,0.00683166
0.130521,0.000859445,0.00683166
0.137107,0.000904232,0.00692542
0.137107,0.000904232,0.00692542
0.137107,0.000904232,0.00692542
0.137107,0.000904232,0.00692542
0.150438,0.00100351,0.0076316
0.150438,0.00100351,0.0076316
0.150438,0.00100351,0.0076316
0.150438,0.00100351,0.0076316
0.157033,0.00105388,0.00765076
0.157033,0.00105388,0.00765076
0.163629,0.00110437,0.00766845
0.163629,0.00110437,0.00766845
0.163629,0.00110437,0.00766845
0.163629,0.00110437,0.00766845
0.163629,0.00110437,0.00766845
0.170426,0.00115652,0.00768433
0.170426,0.00115652,0.00768433
0.170426,0.00115652,0.00768433
0.170426,0.00115652,0.00768433
0.177024,0.00120724,0.00769634
0.177024,0.00120724,0.00769634
0.177024,0.00120724,0.00769634
0.177024,0.00120724,0.00769634
0.177024,0.00120724,0.00769634
0.183623,0.00125804,0.00770479
0.183623,0.00125804,0.00770479
0.183623,0.00125804,0.00770479
0.183623,0.00125804,0.00770479
0.197024,0.0013613,0.00771116
0.197024,0.0013613,0.00771116
0.197024,0.0013613,0.00771116
0.197024,0.0013613,0.00771116
0.203627,0.00141218,0.00770939
0.203627,0.00141218,0.00770939
0.210431,0.00146457,0.00770448
0.210431,0.00146457,0.00770448
0.210431,0.00146457,0.00770448
0.210431,0.00146457,0.00770448
0.217036,0.00151538,0.00769426
0.217036,0.00151538,0.00769426
0.217036,0.00151538,0.00769426
0.217036,0.00151538,0.00769426
0.217036,0.00151538,0.00769426
0.22364,0.00156608,0.00768076
0.22364,0.00156608,0.00768076
0.22364,0.00156608,0.00768076
0.22364,0.00156608,0.00768076
0.230443,0.00161818,0.00766985
0.230443,0.00161818,0.00766985
0.230443,0.00161818,0.00766985
0.230443,0.00161818,0.00766985
0.230443,0.00161818,0.00766985
0.243606,0.00171991,0.00799861
0.243606,0.00171991,0.00799861
0.243606,0.00171991,0.00799861
0.243606,0.00171991,0.00799861
0.250361,0.00177602,0.00846395
0.256957,0.00183184,0.00847279
0.256957,0.00183184,0.00847279
0.256957,0.00183184,0.00847279
0.256957,0.00183184,0.00847279
0.263552,0.00188775,0.00849091
0.263552,0.00188775,0.00849091
0.263552,0.00188775,0.00849091
0.263552,0.00188775,0.00849091
0.270348,0.00194549,0.00850828
0.270348,0.00194549,0.00850828
0.270348,0.00194549,0.00850828
0.270348,0.00194549,0.00850828
0.270348,0.00194549,0.00850828
0.276946,0.00200165,0.00852227
0.276946,0.00200165,0.00852227
0.276946,0.00200165,0.00852227
0.276946,0.00200165,0.00852227
0.290343,0.00211592,0.0085397
0.290343,0.00211592,0.0085397
0.290343,0.00211592,0.0085397
0.290343,0.00211592,0.0085397
0.296944,0.00217227,0.0085429
0.296944,0.00217227,0.0085429
0.303546,0.00222865,0.00854283
0.303546,0.00222865,0.00854283
0.303546,0.00222865,0.00854283
0.303546,0.00222865,0.00854283
0.303546,0.00222865,0.00854283
0.310349,0.00228672,0.00853958
0.310349,0.00228672,0.00853958
0.310349,0.00228672,0.00853958
0.310349,0.00228672,0.00853958
0.316954,0.00234305,0.00853295
0.316954,0.00234305,0.00853295
0.316954,0.00234305,0.00853295
0.316954,0.00234305,0.00853295
0.323558,0.00239931,0.00852003
0.323558,0.00239931,0.00852003
0.323558,0.00239931,0.00852003
0.323558,0.00239931,0.00852003
0.323558,0.00239931,0.00852003
0.336963,0.0025133,0.00849862
0.336963,0.0025133,0.00849862
0.336963,0.0025133,0.00849862
0.336963,0.0025133,0.00849862
0.336963,0.0025133,0.00849862
0.343552,0.00256894,0.00854629
0.350299,0.00262888,0.009117
0.350299,0.00262888,0.009117
0.350299,0.00262888,0.009117
0.350299,0.00262888,0.009117
0.356881,0.00268988,0.00928563
0.356881,0.00268988,0.00928563
0.356881,0.00268988,0.00928563
0.356881,0.00268988,0.00928563
0.363476,0.00275116,0.00930543
0.363476,0.00275116,0.00930543
0.363476,0.00275116,0.00930543
0.363476,0.00275116,0.00930543
0.363476,0.00275116,0.00930543
0.370271,0.00281442,0.00932375
0.370271,0.00281442,0.00932375
0.370271,0.00281442,0.00932375
0.370271,0.00281442,0.00932375
0.383466,0.0029376,0.00935183
0.383466,0.0029376,0.00935183
0.383466,0.0029376,0.00935183
0.383466,0.0029376,0.00935183
0.383466,0.0029376,0.00935183
0.390264,0.00300119,0.00936086
0.396864,0.00306297,0.00936602
0.396864,0.00306297,0.00936602
0.396864,0.00306297,0.00936602
0.396864,0.00306297,0.00936602
0.403465,0.00312478,0.00936771
0.403465,0.00312478,0.00936771
0.403465,0.00312478,0.00936771
0.403465,0.00312478,0.00936771
0.410268,0.00318847,0.00936615
0.410268,0.00318847,0.00936615
0.410268,0.00318847,0.00936615
0.410268,0.00318847,0.00936615
0.410268,0.00318847,0.00936615
0.416872,0.00325026,0.00936166
0.416872,0.00325026,0.00936166
0.416872,0.00325026,0.00936166
0.416872,0.00325026,0.00936166
0.430281,0.00337553,0.00933818
0.430281,0.00337553,0.00933818
0.430281,0.00337553,0.00933818
0.430281,0.00337553,0.00933818
0.430281,0.00337553,0.00933818
0.436883,0.00343702,0.00932704
0.443481,0.00349853,0.00931388
0.443481,0.00349853,0.00931388
0.443481,0.00349853,0.00931388
0.443481,0.00349853,0.00931388
0.443481,0.00349853,0.00931388
0.450252,0.00356223,0.00960446
0.450252,0.00356223,0.00960446
0.450252,0.00356223,0.00960446
0.450252,0.00356223,0.00960446
0.456804,0.00362725,0.0101024
0.456804,0.00362725,0.0101024
0.456804,0.00362725,0.0101024
0.456804,0.00362725,0.0101024
0.456804,0.00362725,0.0101024
0.470194,0.00376273,0.0101379
0.470194,0.00376273,0.0101379
0.470194,0.00376273,0.0101379
0.470194,0.00376273,0.0101379
0.47679,0.00382964,0.010155
0.47679,0.00382964,0.010155
0.483387,0.00389666,0.0101693
0.483387,0.00389666,0.0101693
0.483387,0.00389666,0.0101693
0.483387,0.00389666,0.0101693
0.483387,0.00389666,0.0101693
0.490185,0.00396581,0.0101804
0.490185,0.00396581,0.0101804
0.490185,0.00396581,0.0101804
0.490185,0.00396581,0.0101804
0.496784,0.00403299,0.0101875
0.496784,0.00403299,0.0101875
0.496784,0.00403299,0.0101875
0.496784,0.00403299,0.0101875
0.503384,0.00410023,0.0101911
0.503384,0.00410023,0.0101911
0.503384,0.00410023,0.0101911
0.503384,0.00410023,0.0101911
0.503384,0.00410023,0.0101911
0.516789,0.00423677,0.0101883
0.516789,0.00423677,0.0101883
0.516789,0.00423677,0.0101883
0.516789,0.00423677,0.0101883
0.516789,0.00423677,0.0101883
0.523393,0.00430399,0.0101822
0.530198,0.00437319,0.0101694
0.530198,0.00437319,0.0101694
0.530198,0.00437319,0.0101694
0.530198,0.00437319,0.0101694
0.536802,0.00444019,0.0101565
0.536802,0.00444019,0.0101565
0.536802,0.00444019,0.0101565
0.536802,0.00444019,0.0101565
0.543403,0.00450724,0.0101476
0.543403,0.00450724,0.0101476
0.543403,0.00450724,0.0101476
0.543403,0.00450724,0.0101476
0.543403,0.00450724,0.0101476
0.556745,0.00464448,0.0107
0.556745,0.00464448,0.0107
0.556745,0.00464448,0.0107
0.556745,0.00464448,0.0107
0.56332,0.0047161,0.0109431
0.56332,0.0047161,0.0109431
0.56332,0.0047161,0.0109431
0.570115,0.00479047,0.0109584
0.570115,0.00479047,0.0109584
0.570115,0.00479047,0.0109584
0.570115,0.00479047,0.0109584
0.57671,0.00486278,0.0109763
0.57671,0.00486278,0.0109763
0.57671,0.00486278,0.0109763
0.57671,0.00486278,0.0109763
0.583307,0.00493521,0.0109923
0.583307,0.00493521,0.0109923
0.583307,0.00493521,0.0109923
0.583307,0.00493521,0.0109923
0.583307,0.00493521,0.0109923
0.590104,0.00500996,0.0110054
0.590104,0.00500996,0.0110054
0.590104,0.00500996,0.0110054
0.590104,0.00500996,0.0110054
0.603302,0.00515528,0.01102
0.603302,0.00515528,0.01102
0.603302,0.00515528,0.01102
0.603302,0.00515528,0.01102
0.603302,0.00515528,0.01102
0.610103,0.00523021,0.011022
0.616705,0.00530295,0.0110208
0.616705,0.00530295,0.0110208
0.616705,0.00530295,0.0110208
0.616705,0.00530295,0.0110208
0.623309,0.00537567,0.0110166
0.623309,0.00537567,0.0110166
0.623309,0.00537567,0.0110166
0.623309,0.00537567,0.0110166
0.623309,0.00537567,0.0110166
0.630114,0.00545056,0.0110076
0.630114,0.00545056,0.0110076
0.630114,0.00545056,0.0110076
0.630114,0.00545056,0.0110076
0.643321,0.00559556,0.0109824
0.643321,0.00559556,0.0109824
0.643321,0.00559556,0.0109824
0.643321,0.00559556,0.0109824
0.643321,0.00559556,0.0109824
0.650119,0.0056702,0.0109696
0.650119,0.0056702,0.0109696
0.656696,0.00574266,0.0111915
0.656696,0.00574266,0.0111915
0.656696,0.00574266,0.0111915
0.656696,0.00574266,0.0111915
0.656696,0.00574266,0.0111915
0.663243,0.00581816,0.0117319
0.663243,0.00581816,0.0117319
0.663243,0.00581816,0.0117319
0.663243,0.00581816,0.0117319
0.670035,0.00589814,0.0117803
0.670035,0.00589814,0.0117803
0.670035,0.00589814,0.0117803
0.670035,0.00589814,0.0117803
0.670035,0.00589814,0.0117803
0.683226,0.0060537,0.0118149
0.683226,0.0060537,0.0118149
0.683226,0.0060537,0.0118149
0.683226,0.0060537,0.0118149
0.683226,0.0060537,0.0118149
0.690023,0.00613404,0.01183
0.696621,0.00621211,0.011841
0.696621,0.00621211,0.011841
0.696621,0.00621211,0.011841
0.696621,0.00621211,0.011841
0.70322,0.00629026,0.0118485
0.70322,0.00629026,0.0118485
0.70322,0.00629026,0.0118485
0.70322,0.00629026,0.0118485
0.70322,0.00629026,0.0118485
0.71002,0.00637082,0.0118525
0.71002,0.00637082,0.0118525
0.71002,0.00637082,0.0118525
0.71002,0.00637082,0.0118525
0.716621,0.00644905,0.011853
0.716621,0.00644905,0.011853
0.716621,0.00644905,0.011853
0.716621,0.00644905,0.011853
0.730028,0.00660783,0.0118445
0.730028,0.00660783,0.0118445
0.730028,0.00660783,0.0118445
0.730028,0.00660783,0.0118445
0.730028,0.00660783,0.0118445
0.736633,0.00668598,0.0118325
0.743236,0.00676398,0.0118194
0.743236,0.00676398,0.0118194
0.743236,0.00676398,0.0118194
0.743236,0.00676398,0.0118194
0.743236,0.00676398,0.0118194
0.750038,0.00684433,0.0118096
0.750038,0.00684433,0.0118096
0.750038,0.00684433,0.0118096
0.75663,0.00692195,0.0118102
0.75663,0.00692195,0.0118102
0.75663,0.00692195,0.0118102
0.75663,0.00692195,0.0118102
0.75663,0.00692195,0.0118102
0.763186,0.00700104,0.0122915
0.763186,0.00700104,0.0122915
0.763186,0.00700104,0.0122915
0.763186,0.00700104,0.0122915
0.763186,0.00700104,0.0122915
0.77655,0.00716894,0.0126125
0.77655,0.00716894,0.0126125
0.77655,0.00716894,0.0126125
0.77655,0.00716894,0.0126125
0.783145,0.00725215,0.0126307
0.783145,0.00725215,0.0126307
0.789941,0.00733803,0.0126474
0.789941,0.00733803,0.0126474
0.789941,0.00733803,0.0126474
0.789941,0.00733803,0.0126474
0.796538,0.00742149,0.0126604
0.796538,0.00742149,0.0126604
0.796538,0.00742149,0.0126604
0.796538,0.00742149,0.0126604
0.803137,0.00750504,0.0126698
0.803137,0.00750504,0.0126698
0.803137,0.00750504,0.0126698
0.803137,0.00750504,0.0126698
0.803137,0.00750504,0.0126698
0.809936,0.0075912,0.0126759
0.809936,0.0075912,0.0126759
0.809936,0.0075912,0.0126759
0.809936,0.0075912,0.0126759
0.823139,0.00775853,0.0126772
0.823139,0.00775853,0.0126772
0.823139,0.00775853,0.0126772
0.823139,0.00775853,0.0126772
0.829942,0.00784472,0.0126731
0.829942,0.00784472,0.0126731
0.836546,0.00792835,0.012665
0.836546,0.00792835,0.012665
0.836546,0.00792835,0.012665
0.836546,0.00792835,0.012665
0.843151,0.00801189,0.0126514
0.843151,0.00801189,0.0126514
0.843151,0.00801189,0.0126514
0.843151,0.00801189,0.0126514
0.843151,0.00801189,0.0126514
0.849954,0.00809778,0.0126391
0.849954,0.00809778,0.0126391
0.849954,0.00809778,0.0126391
0.849954,0.00809778,0.0126391
0.856553,0.00818119,0.0126281
0.856553,0.00818119,0.0126281
0.856553,0.00818119,0.0126281
0.856553,0.00818119,0.0126281
0.856553,0.00818119,0.0126281
0.869879,0.00835299,0.0133599
0.869879,0.00835299,0.0133599
0.869879,0.00835299,0.0133599
0.869879,0.00835299,0.0133599
0.876469,0.00844146,0.0134264
0.883064,0.00853004,0.013444
0.883064,0.00853004,0.013444
0.883064,0.00853004,0.013444
0.883064,0.00853004,0.013444
0.889859,0.00862143,0.0134619
0.889859,0.00862143,0.0134619
0.889859,0.00862143,0.0134619
0.889859,0.00862143,0.0134619
0.889859,0.00862143,0.0134619
0.896456,0.00871026,0.0134768
0.896456,0.00871026,0.0134768
0.896456,0.00871026,0.0134768
0.896456,0.00871026,0.0134768
0.896456,0.00871026,0.0134768
0.903053,0.0087992,0.0134882
0.903053,0.0087992,0.0134882
0.903053,0.0087992,0.0134882
0.903053,0.0087992,0.0134882
0.916452,0.00897999,0.0135004
0.916452,0.00897999,0.0135004
0.916452,0.00897999,0.0135004
0.916452,0.00897999,0.0135004
0.916452,0.00897999,0.0135004
0.923053,0.00906909,0.0135012
0.929856,0.00916089,0.0134988
0.929856,0.00916089,0.0134988
0.929856,0.00916089,0.0134988
0.936459,0.00924998,0.0134935
0.936459,0.00924998,0.0134935
0.936459,0.00924998,0.0134935
0.936459,0.00924998,0.0134935
0.936459,0.00924998,0.0134935
0.943064,0.00933902,0.0134822
0.943064,0.00933902,0.0134822
0.943064,0.00933902,0.0134822
0.943064,0.00933902,0.0134822
0.943064,0.00933902,0.0134822
0.949868,0.00943061,0.0134685
0.949868,0.00943061,0.0134685
0.949868,0.00943061,0.0134685
0.949868,0.00943061,0.0134685
0.963063,0.00960804,0.013447
0.963063,0.00960804,0.013447
0.963063,0.00960804,0.013447
0.963063,0.00960804,0.013447
0.969822,0.0097003,0.0138875
0.969822,0.0097003,0.0138875
0.976385,0.0097932,0.0142572
0.976385,0.0097932,0.0142572
0.976385,0.0097932,0.0142572
0.976385,0.0097932,0.0142572
0.982981,0.00988718,0.0142601
1.00248,-0.000120632,1.61527
1.00195,0.0425135,1.52368
1.00195,0.0425135,1.52368
1.00195,0.0425135,1.52368
1.0026,0.0556951,1.52072
1.0026,0.0556951,1.52072
1.0026,0.0556951,1.52072
1.0026,0.0556951,1.52072
1.0026,0.0556951,1.52072
1.00292,0.0620135,1.5165
1.00292,0.0620135,1.5165
1.00328,0.0680434,1.5051
1.00328,0.0680434,1.5051
1.00328,0.0680434,1.5051
1.00367,0.0734421,1.48966
1.00367,0.0734421,1.48966
1.00367,0.0734421,1.48966
1.00367,0.0734421,1.48966
1.00367,0.0734421,1.48966
1.00412,0.0785824,1.4762
1.00412,0.0785824,1.4762
1.00412,0.0785824,1.4762
1.00412,0.0785824,1.4762
1.00462,0.0835789,1.46566
1.00462,0.0835789,1.46566
1.00462,0.0835789,1.46566
1.00462,0.0835789,1.46566
1.00462,0.0835789,1.46566
1.00559,0.0922716,1.45647
1.00559,0.0922716,1.45647
1.00559,0.0922716,1.45647
1.00559,0.0922716,1.45647
1.00604,0.0961625,1.45836
1.00604,0.0961625,1.45836
1.00641,0.0995076,1.46508
1.00641,0.0995076,1.46508
1.00641,0.0995076,1.46508
1.00641,0.0995076,1.46508
1.00674,0.102715,1.47337
1.00674,0.102715,1.47337
1.00674,0.102715,1.47337
1.00674,0.102715,1.47337
1.00705,0.106022,1.48188
1.00705,0.106022,1.48188
1.00705,0.106022,1.48188
1.00705,0.106022,1.48188
1.00705,0.106022,1.48188
1.00732,0.109219,1.48994
1.00732,0.109219,1.48994
1.00732,0.109219,1.48994
1.00732,0.109219,1.48994
1.00732,0.109219,1.48994
1.00779,0.115594,1.50457
1.00779,0.115594,1.50457
1.00779,0.115594,1.50457
1.00779,0.115594,1.50457
1.00799,0.118772,1.51227
1.00817,0.121991,1.52051
1.00817,0.121991,1.52051
1.00817,0.121991,1.52051
1.00817,0.121991,1.52051
1.00817,0.121991,1.52051
1.00833,0.125308,1.52899
1.00833,0.125308,1.52899
1.00833,0.125308,1.52899
1.00833,0.125308,1.52899
1.00845,0.12853,1.53723
1.00845,0.12853,1.53723
1.00845,0.12853,1.53723
1.00845,0.12853,1.53723
1.00855,0.131753,1.54546
1.00855,0.131753,1.54546
1.00855,0.131753,1.54546
1.00855,0.131753,1.54546
1.00855,0.131753,1.54546
1.00866,0.1383,1.56217
1.00866,0.1383,1.56217
1.00866,0.1383,1.56217
1.00866,0.1383,1.56217
1.00868,0.141526,1.57041
1.00868,0.141526,1.57041
1.00867,0.145295,1.57749
1.00867,0.145295,1.57749
1.00867,0.145295,1.57749
1.00867,0.145295,1.57749
1.00863,0.149788,1.58228
1.00863,0.149788,1.58228
1.00863,0.149788,1.58228
1.00863,0.149788,1.58228
1.00856,0.155091,1.5858
1.00856,0.155091,1.5858
1.00856,0.155091,1.5858
1.00856,0.155091,1.5858
1.00856,0.155091,1.5858
1.00833,0.167879,1.58978
1.00833,0.167879,1.58978
1.00833,0.167879,1.58978
1.00833,0.167879,1.58978
1.00821,0.174481,1.58979
1.00821,0.174481,1.58979
1.00821,0.174481,1.58979
1.00808,0.181051,1.58797
1.00808,0.181051,1.58797
1.00808,0.181051,1.58797
1.00808,0.181051,1.58797
1.00799,0.187086,1.58277
1.00799,0.187086,1.58277
1.00799,0.187086,1.58277
1.00799,0.187086,1.58277
1.00794,0.192974,1.57804
1.00794,0.192974,1.57804
1.00794,0.192974,1.57804
1.00794,0.192974,1.57804
1.00794,0.192974,1.57804
1.00789,0.205158,1.57049
1.00789,0.205158,1.57049
1.00789,0.205158,1.57049
1.00789,0.205158,1.57049
1.00789,0.205158,1.57049
1.0079,0.211386,1.56531
1.00795,0.21794,1.56191
1.00795,0.21794,1.56191
1.00795,0.21794,1.56191
1.00795,0.21794,1.56191
1.00801,0.224495,1.56132
1.00801,0.224495,1.56132
1.00801,0.224495,1.56132
1.00801,0.224495,1.56132
1.00801,0.224495,1.56132
1.00807,0.231093,1.5613
1.00807,0.231093,1.5613
1.00807,0.231093,1.5613
1.00807,0.231093,1.5613
1.00814,0.237891,1.56129
1.00814,0.237891,1.56129
1.00814,0.237891,1.56129
1.00814,0.237891,1.56129
1.00826,0.251092,1.56125
1.00826,0.251092,1.56125
1.00826,0.251092,1.56125
1.00826,0.251092,1.56125
1.00826,0.251092,1.56125
1.00833,0.257895,1.56123
1.00833,0.257895,1.56123
1.00839,0.264498,1.56121
1.00839,0.264498,1.56121
1.00839,0.264498,1.56121
1.00839,0.264498,1.56121
1.00839,0.264498,1.56121
1.00846,0.271102,1.56118
1.00846,0.271102,1.56118
1.00846,0.271102,1.56118
1.00846,0.271102,1.56118
1.00852,0.277906,1.56117
1.00852,0.277906,1.56117
1.00852,0.277906,1.56117
1.00852,0.277906,1.56117
1.00852,0.277906,1.56117
1.00865,0.291109,1.56121
1.00865,0.291109,1.56121
1.00865,0.291109,1.56121
1.00865,0.291109,1.56121
1.00871,0.297907,1.56124
1.00871,0.297907,1.56124
1.00878,0.304498,1.56118
1.00878,0.304498,1.56118
1.00878,0.304498,1.56118
1.00878,0.304498,1.56118
1.00884,0.311046,1.56054
1.00884,0.311046,1.56054
1.00884,0.311046,1.56054
1.00884,0.311046,1.56054
1.00884,0.311046,1.56054
1.00891,0.317807,1.56006
1.00891,0.317807,1.56006
1.00891,0.317807,1.56006
1.00891,0.317807,1.56006
1.00898,0.324404,1.56006
1.00898,0.324404,1.56006
1.00898,0.324404,1.56006
1.00898,0.324404,1.56006
1.00913,0.337799,1.56004
1.00913,0.337799,1.56004
1.00913,0.337799,1.56004
1.00913,0.337799,1.56004
1.00913,0.337799,1.56004
1.0092,0.344398,1.56003
1.00927,0.350998,1.56001
1.00927,0.350998,1.56001
1.00927,0.350998,1.56001
1.00927,0.350998,1.56001
1.00934,0.3578,1.55999
1.00934,0.3578,1.55999
1.00934,0.3578,1.55999
1.00934,0.3578,1.55999
1.00934,0.3578,1.55999
1.00941,0.364403,1.55996
1.00941,0.364403,1.55996
1.00941,0.364403,1.55996
1.00941,0.364403,1.55996
1.00948,0.371006,1.55994
1.00948,0.371006,1.55994
1.00948,0.371006,1.55994
1.00948,0.371006,1.55994
1.00963,0.384414,1.55992
1.00963,0.384414,1.55992
1.00963,0.384414,1.55992
1.00963,0.384414,1.55992
1.00963,0.384414,1.55992
1.0097,0.391016,1.55992
1.0097,0.391016,1.55992
1.00978,0.397813,1.55998
1.00978,0.397813,1.55998
1.00978,0.397813,1.55998
1.00978,0.397813,1.55998
1.00985,0.404411,1.55998
1.00985,0.404411,1.55998
1.00985,0.404411,1.55998
1.00985,0.404411,1.55998
1.00985,0.404411,1.55998
1.00992,0.410986,1.55971
1.00992,0.410986,1.55971
1.00992,0.410986,1.55971
1.00992,0.410986,1.55971
1.00992,0.410986,1.55971
1.01007,0.424312,1.55881
1.01007,0.424312,1.55881
1.01007,0.424312,1.55881
1.01007,0.424312,1.55881
1.01015,0.430908,1.5588
1.01015,0.430908,1.5588
1.01023,0.437705,1.55879
1.01023,0.437705,1.55879
1.01023,0.437705,1.55879
1.01023,0.437705,1.55879
1.01031,0.444304,1.55878
1.01031,0.444304,1.55878
1.01031,0.444304,1.55878
1.01031,0.444304,1.55878
1.01039,0.450903,1.55876
1.01039,0.450903,1.55876
1.01039,0.450903,1.55876
1.01039,0.450903,1.55876
1.01039,0.450903,1.55876
1.01047,0.457704,1.55874
1.01047,0.457704,1.55874
1.01047,0.457704,1.55874
1.01047,0.457704,1.55874
1.01063,0.470909,1.55869
1.01063,0.470909,1.55869
1.01063,0.470909,1.55869
1.01063,0.470909,1.55869
1.01063,0.470909,1.55869
1.01072,0.477713,1.55867
1.0108,0.484317,1.55866
1.0108,0.484317,1.55866
1.0108,0.484317,1.55866
1.0108,0.484317,1.55866
1.01088,0.49092,1.55866
1.01088,0.49092,1.55866
1.01088,0.49092,1.55866
1.01088,0.49092,1.55866
1.01096,0.49772,1.55869
1.01096,0.49772,1.55869
1.01096,0.49772,1.55869
1.01096,0.49772,1.55869
1.01096,0.49772,1.55869
1.01104,0.504318,1.55872
1.01104,0.504318,1.55872
1.01104,0.504318,1.55872
1.01104,0.504318,1.55872
1.0112,0.517661,1.55809
1.0112,0.517661,1.55809
1.0112,0.517661,1.55809
1.0112,0.517661,1.55809
1.01129,0.524218,1.55755
1.01129,0.524218,1.55755
1.01137,0.530814,1.55755
1.01137,0.530814,1.55755
1.01137,0.530814,1.55755
1.01137,0.530814,1.55755
1.01146,0.537611,1.55754
1.01146,0.537611,1.55754
1.01146,0.537611,1.55754
1.01146,0.537611,1.55754
1.01146,0.537611,1.55754
1.01155,0.544208,1.55753
1.01155,0.544208,1.55753
1.01155,0.544208,1.55753
1.01155,0.544208,1.55753
1.01164,0.550807,1.55751
1.01164,0.550807,1.55751
1.01164,0.550807,1.55751
1.01164,0.550807,1.55751
1.01164,0.550807,1.55751
1.01182,0.564208,1.55747
1.01182,0.564208,1.55747
1.01182,0.564208,1.55747
1.01182,0.564208,1.55747
1.01191,0.570811,1.55745
1.01191,0.570811,1.55745
1.012,0.577615,1.55742
1.012,0.577615,1.55742
1.012,0.577615,1.55742
1.012,0.577615,1.55742
1.01208,0.584218,1.5574
1.01208,0.584218,1.5574
1.01208,0.584218,1.5574
1.01208,0.584218,1.5574
1.01217,0.590822,1.5574
1.01217,0.590822,1.5574
1.01217,0.590822,1.5574
1.01217,0.590822,1.5574
1.01217,0.590822,1.5574
1.01235,0.604221,1.55746
1.01235,0.604221,1.55746
1.01235,0.604221,1.55746
1.01235,0.604221,1.55746
1.01244,0.610819,1.55747
1.01244,0.610819,1.55747
1.01244,0.610819,1.55747
1.01253,0.617598,1.55725
1.01253,0.617598,1.55725
1.01253,0.617598,1.55725
1.01253,0.617598,1.55725
1.01262,0.624138,1.5565
1.01262,0.624138,1.5565
1.01262,0.624138,1.5565
1.01262,0.624138,1.5565
1.01262,0.624138,1.5565
1.01272,0.630719,1.55629
1.01272,0.630719,1.55629
1.01272,0.630719,1.55629
1.01272,0.630719,1.55629
1.01281,0.637515,1.55628
1.01281,0.637515,1.55628
1.01281,0.637515,1.55628
1.01281,0.637515,1.55628
1.01301,0.65071,1.55626
1.01301,0.65071,1.55626
1.01301,0.65071,1.55626
1.01301,0.65071,1.55626
1.01301,0.65071,1.55626
1.01311,0.657509,1.55624
1.0132,0.664109,1.55622
1.0132,0.664109,1.55622
1.0132,0.664109,1.55622
1.0132,0.664109,1.55622
1.0133,0.670711,1.5562
1.0133,0.670711,1.5562
1.0133,0.670711,1.5562
1.0133,0.670711,1.5562
1.0134,0.677514,1.55618
1.0134,0.677514,1.55618
1.0134,0.677514,1.55618
1.0134,0.677514,1.55618
1.0134,0.677514,1.55618
1.01359,0.690721,1.55614
1.01359,0.690721,1.55614
1.01359,0.690721,1.55614
1.01359,0.690721,1.55614
1.01369,0.697524,1.55614
1.01369,0.697524,1.55614
1.01369,0.697524,1.55614
1.01379,0.704124,1.55616
1.01379,0.704124,1.55616
1.01379,0.704124,1.55616
1.01379,0.704124,1.55616
1.01379,0.704124,1.55616
1.01388,0.710722,1.5562
1.01388,0.710722,1.5562
1.01388,0.710722,1.5562
1.01388,0.710722,1.5562
1.01398,0.717515,1.55619
1.01398,0.717515,1.55619
1.01398,0.717515,1.55619
1.01398,0.717515,1.55619
1.01398,0.717515,1.55619
1.01418,0.730623,1.55505
1.01418,0.730623,1.55505
1.01418,0.730623,1.55505
1.01418,0.730623,1.55505
1.01429,0.737417,1.55503
1.01429,0.737417,1.55503
1.01439,0.744013,1.55502
1.01439,0.744013,1.55502
1.01439,0.744013,1.55502
1.01439,0.744013,1.55502
1.01449,0.750611,1.55501
1.01449,0.750611,1.55501
1.01449,0.750611,1.55501
1.01449,0.750611,1.55501
1.01449,0.750611,1.55501
1.0146,0.757409,1.55499
1.0146,0.757409,1.55499
1.0146,0.757409,1.55499
1.0146,0.757409,1.55499
1.01481,0.77061,1.55496
1.01481,0.77061,1.55496
1.01481,0.77061,1.55496
1.01481,0.77061,1.55496
1.01492,0.777412,1.55493
1.01492,0.777412,1.55493
1.01492,0.777412,1.55493
1.01502,0.784015,1.55491
1.01502,0.784015,1.55491
1.01502,0.784015,1.55491
1.01502,0.784015,1.55491
1.01513,0.790619,1.55489
1.01513,0.790619,1.55489
1.01513,0.790619,1.55489
1.01513,0.790619,1.55489
1.01513,0.790619,1.55489
1.01524,0.797422,1.55488
1.01524,0.797422,1.55488
1.01524,0.797422,1.55488
1.01524,0.797422,1.55488
1.01534,0.804024,1.55489
1.01534,0.804024,1.55489
1.01534,0.804024,1.55489
1.01534,0.804024,1.55489
1.01555,0.817419,1.55495
1.01555,0.817419,1.55495
1.01555,0.817419,1.55495
1.01555,0.817419,1.55495
1.01555,0.817419,1.55495
1.01566,0.824002,1.5548
1.01576,0.830543,1.55406
1.01576,0.830543,1.55406
1.01576,0.830543,1.55406
1.01576,0.830543,1.55406
1.01588,0.837318,1.55378
1.01588,0.837318,1.55378
1.01588,0.837318,1.55378
1.01588,0.837318,1.55378
1.01588,0.837318,1.55378
1.01599,0.843914,1.55377
1.01599,0.843914,1.55377
1.01599,0.843914,1.55377
1.01599,0.843914,1.55377
1.01599,0.843914,1.55377
1.01622,0.857308,1.55375
1.01622,0.857308,1.55375
1.01622,0.857308,1.55375
1.01622,0.857308,1.55375
1.01633,0.863907,1.55373
1.01633,0.863907,1.55373
1.01645,0.870507,1.55371
1.01645,0.870507,1.55371
1.01645,0.870507,1.55371
1.01645,0.870507,1.55371
1.01645,0.870507,1.55371
1.01656,0.877308,1.55369
1.01656,0.877308,1.55369
1.01656,0.877308,1.55369
1.01656,0.877308,1.55369
1.01667,0.883911,1.55367
1.01667,0.883911,1.55367
1.01667,0.883911,1.55367
1.01667,0.883911,1.55367
1.01679,0.890514,1.55364
1.01679,0.890514,1.55364
1.01679,0.890514,1.55364
1.01679,0.890514,1.55364
1.01679,0.890514,1.55364
1.01702,0.90392,1.55363
1.01702,0.90392,1.55363
1.01702,0.90392,1.55363
1.01702,0.90392,1.55363
1.01713,0.910521,1.55364
1.01713,0.910521,1.55364
1.01725,0.917317,1.55369
1.01725,0.917317,1.55369
1.01725,0.917317,1.55369
1.01725,0.917317,1.55369
1.01736,0.923912,1.55369
1.01736,0.923912,1.55369
1.01736,0.923912,1.55369
1.01736,0.923912,1.55369
1.01747,0.930474,1.55324
1.01747,0.930474,1.55324
1.01747,0.930474,1.55324
1.01747,0.930474,1.55324
1.01759,0.93722,1.55256
1.01759,0.93722,1.55256
1.01759,0.93722,1.55256
1.01759,0.93722,1.55256
1.01759,0.93722,1.55256
1.01779,0.948851,1.55853
1.01779,0.948851,1.55853
1.01779,0.948851,1.55853
1.01779,0.948851,1.55853
1.01779,0.948851,1.55853
1.01783,0.953527,1.56581
1.01784,0.957957,1.57186
1.01784,0.957957,1.57186
1.01784,0.957957,1.57186
1.01783,0.963041,1.57444
1.01783,0.963041,1.57444
1.01783,0.963041,1.57444
1.01783,0.963041,1.57444
1.01783,0.963041,1.57444
1.0178,0.969108,1.57485
1.0178,0.969108,1.57485
1.0178,0.969108,1.57485
1.0178,0.969108,1.57485
1.0178,0.969108,1.57485
1.01775,0.982261,1.57496
1.0285,1.02304,-0.0376137
0.966399,1.02333,-0.00868865
0.966399,1.02333,-0.00868865
0.966399,1.02333,-0.00868865
0.966399,1.02333,-0.00868865
0.959607,1.02338,-0.00874115
0.959607,1.02338,-0.00874115
0.959607,1.02338,-0.00874115
0.959607,1.02338,-0.00874115
0.959607,1.02338,-0.00874115
0.953057,1.02344,-0.00939827
0.953057,1.02344,-0.00939827
0.953057,1.02344,-0.00939827
0.953057,1.02344,-0.00939827
0.939697,1.02357,-0.00991317
0.939697,1.02357,-0.00991317
0.939697,1.02357,-0.00991317
0.939697,1.02357,-0.00991317
0.939697,1.02357,-0.00991317
0.933098,1.02364,-0.00993721
0.926499,1.0237,-0.00996435
0.926499,1.0237,-0.00996435
0.926499,1.0237,-0.00996435
0.919698,1.02377,-0.00999527
0.919698,1.02377,-0.00999527
0.919698,1.02377,-0.00999527
0.919698,1.02377,-0.00999527
0.919698,1.02377,-0.00999527
0.913096,1.02384,-0.0100282
0.913096,1.02384,-0.0100282
0.913096,1.02384,-0.0100282
0.913096,1.02384,-0.0100282
0.913096,1.02384,-0.0100282
0.906493,1.0239,-0.0100624
0.906493,1.0239,-0.0100624
0.906493,1.0239,-0.0100624
0.906493,1.0239,-0.0100624
0.893087,1.02404,-0.0101025
0.893087,1.02404,-0.0101025
0.893087,1.02404,-0.0101025
0.893087,1.02404,-0.0101025
0.893087,1.02404,-0.0101025
0.886485,1.02411,-0.0101003
0.879688,1.02417,-0.0100422
0.879688,1.02417,-0.0100422
0.879688,1.02417,-0.0100422
0.879688,1.02417,-0.0100422
0.873088,1.02424,-0.0100063
0.873088,1.02424,-0.0100063
0.873088,1.02424,-0.0100063
0.873088,1.02424,-0.0100063
0.873088,1.02424,-0.0100063
0.86649,1.02431,-0.00996322
0.86649,1.02431,-0.00996322
0.86649,1.02431,-0.00996322
0.86649,1.02431,-0.00996322
0.86649,1.02431,-0.00996322
0.853117,1.02444,-0.0102108
0.853117,1.02444,-0.0102108
0.853117,1.02444,-0.0102108
0.853117,1.02444,-0.0102108
0.853117,1.02444,-0.0102108
0.846574,1.02451,-0.0109722
0.839788,1.02458,-0.0111531
0.839788,1.02458,-0.0111531
0.839788,1.02458,-0.0111531
0.839788,1.02458,-0.0111531
0.833191,1.02466,-0.0111753
0.833191,1.02466,-0.0111753
0.833191,1.02466,-0.0111753
0.833191,1.02466,-0.0111753
0.833191,1.02466,-0.0111753
0.826592,1.02473,-0.0112008
0.826592,1.02473,-0.0112008
0.826592,1.02473,-0.0112008
0.826592,1.02473,-0.0112008
0.826592,1.02473,-0.0112008
0.81319,1.02488,-0.0112614
0.81319,1.02488,-0.0112614
0.81319,1.02488,-0.0112614
0.81319,1.02488,-0.0112614
0.806588,1.02496,-0.0112955
0.806588,1.02496,-0.0112955
0.799785,1.02503,-0.0113282
0.799785,1.02503,-0.0113282
0.799785,1.02503,-0.0113282
0.799785,1.02503,-0.0113282
0.793182,1.02511,-0.011349
0.793182,1.02511,-0.011349
0.793182,1.02511,-0.011349
0.793182,1.02511,-0.011349
0.793182,1.02511,-0.011349
0.78658,1.02518,-0.011357
0.78658,1.02518,-0.011357
0.78658,1.02518,-0.011357
0.78658,1.02518,-0.011357
0.77978,1.02526,-0.0113296
0.77978,1.02526,-0.0113296
0.77978,1.02526,-0.0113296
0.77978,1.02526,-0.0113296
0.77978,1.02526,-0.0113296
0.766583,1.02541,-0.0112384
0.766583,1.02541,-0.0112384
0.766583,1.02541,-0.0112384
0.766583,1.02541,-0.0112384
0.759786,1.02549,-0.0111992
0.759786,1.02549,-0.0111992
0.753192,1.02556,-0.0112248
0.753192,1.02556,-0.0112248
0.753192,1.02556,-0.0112248
0.753192,1.02556,-0.0112248
0.746637,1.02563,-0.0118113
0.746637,1.02563,-0.0118113
0.746637,1.02563,-0.0118113
0.746637,1.02563,-0.0118113
0.739881,1.02572,-0.0123965
0.739881,1.02572,-0.0123965
0.739881,1.02572,-0.0123965
0.739881,1.02572,-0.0123965
0.733284,1.0258,-0.0124156
0.733284,1.0258,-0.0124156
0.733284,1.0258,-0.0124156
0.733284,1.0258,-0.0124156
0.733284,1.0258,-0.0124156
0.719886,1.02596,-0.0124668
0.719886,1.02596,-0.0124668
0.719886,1.02596,-0.0124668
0.719886,1.02596,-0.0124668
0.719886,1.02596,-0.0124668
0.713286,1.02605,-0.0124965
0.706684,1.02613,-0.0125291
0.706684,1.02613,-0.0125291
0.706684,1.02613,-0.0125291
0.706684,1.02613,-0.0125291
0.699881,1.02621,-0.0125645
0.699881,1.02621,-0.0125645
0.699881,1.02621,-0.0125645
0.699881,1.02621,-0.0125645
0.693278,1.0263,-0.0125919
0.693278,1.0263,-0.0125919
0.693278,1.0263,-0.0125919
0.693278,1.0263,-0.0125919
0.693278,1.0263,-0.0125919
0.686676,1.02638,-0.0126062
0.686676,1.02638,-0.0126062
0.686676,1.02638,-0.0126062
0.686676,1.02638,-0.0126062
0.679874,1.02647,-0.0126064
0.679874,1.02647,-0.0126064
0.679874,1.02647,-0.0126064
0.679874,1.02647,-0.0126064
0.679874,1.02647,-0.0126064
0.666677,1.02663,-0.0125145
0.666677,1.02663,-0.0125145
0.666677,1.02663,-0.0125145
0.666677,1.02663,-0.0125145
0.65988,1.02672,-0.0124701
0.653283,1.0268,-0.0124442
0.653283,1.0268,-0.0124442
0.653283,1.0268,-0.0124442
0.653283,1.0268,-0.0124442
0.646701,1.02688,-0.0126403
0.646701,1.02688,-0.0126403
0.646701,1.02688,-0.0126403
0.646701,1.02688,-0.0126403
0.646701,1.02688,-0.0126403
0.63996,1.02697,-0.0134232
0.63996,1.02697,-0.0134232
0.63996,1.02697,-0.0134232
0.63996,1.02697,-0.0134232
0.633378,1.02706,-0.0136529
0.633378,1.02706,-0.0136529
0.633378,1.02706,-0.0136529
0.633378,1.02706,-0.0136529
0.619982,1.02724,-0.0137019
0.619982,1.02724,-0.0137019
0.619982,1.02724,-0.0137019
0.619982,1.02724,-0.0137019
0.619982,1.02724,-0.0137019
0.613383,1.02733,-0.01373
0.606782,1.02742,-0.0137609
0.606782,1.02742,-0.0137609
0.606782,1.02742,-0.0137609
0.606782,1.02742,-0.0137609
0.599979,1.02752,-0.0137957
0.599979,1.02752,-0.0137957
0.599979,1.02752,-0.0137957
0.599979,1.02752,-0.0137957
0.599979,1.02752,-0.0137957
0.593377,1.02761,-0.0138282
0.593377,1.02761,-0.0138282
0.593377,1.02761,-0.0138282
0.593377,1.02761,-0.0138282
0.579972,1.02779,-0.0138597
0.579972,1.02779,-0.0138597
0.579972,1.02779,-0.0138597
0.579972,1.02779,-0.0138597
0.573372,1.02788,-0.013839
0.573372,1.02788,-0.013839
0.573372,1.02788,-0.013839
0.566774,1.02797,-0.0137892
0.566774,1.02797,-0.0137892
0.566774,1.02797,-0.0137892
0.566774,1.02797,-0.0137892
0.559975,1.02807,-0.0137436
0.559975,1.02807,-0.0137436
0.559975,1.02807,-0.0137436
0.559975,1.02807,-0.0137436
0.559975,1.02807,-0.0137436
0.553378,1.02816,-0.0137037
0.553378,1.02816,-0.0137037
0.553378,1.02816,-0.0137037
0.553378,1.02816,-0.0137037
0.546784,1.02825,-0.0137111
0.546784,1.02825,-0.0137111
0.546784,1.02825,-0.0137111
0.546784,1.02825,-0.0137111
0.546784,1.02825,-0.0137111
0.533473,1.02844,-0.0148799
0.533473,1.02844,-0.0148799
0.533473,1.02844,-0.0148799
0.533473,1.02844,-0.0148799
0.526877,1.02854,-0.0149128
0.52008,1.02864,-0.0149364
0.52008,1.02864,-0.0149364
0.52008,1.02864,-0.0149364
0.52008,1.02864,-0.0149364
0.52008,1.02864,-0.0149364
0.513481,1.02874,-0.0149628
0.513481,1.02874,-0.0149628
0.513481,1.02874,-0.0149628
0.513481,1.02874,-0.0149628
0.50688,1.02883,-0.0149922
0.50688,1.02883,-0.0149922
0.50688,1.02883,-0.0149922
0.50688,1.02883,-0.0149922
0.500079,1.02894,-0.0150254
0.500079,1.02894,-0.0150254
0.500079,1.02894,-0.0150254
0.500079,1.02894,-0.0150254
0.500079,1.02894,-0.0150254
0.486874,1.02914,-0.0150884
0.486874,1.02914,-0.0150884
0.486874,1.02914,-0.0150884
0.486874,1.02914,-0.0150884
0.480071,1.02924,-0.0151047
0.47347,1.02934,-0.015107
0.47347,1.02934,-0.015107
0.47347,1.02934,-0.015107
0.47347,1.02934,-0.015107
0.47347,1.02934,-0.015107
0.466872,1.02944,-0.0150544
0.466872,1.02944,-0.0150544
0.466872,1.02944,-0.0150544
0.466872,1.02944,-0.0150544
0.460073,1.02954,-0.0150162
0.460073,1.02954,-0.0150162
0.460073,1.02954,-0.0150162
0.460073,1.02954,-0.0150162
0.460073,1.02954,-0.0150162
0.453476,1.02964,-0.0149726
0.453476,1.02964,-0.0149726
0.453476,1.02964,-0.0149726
0.440094,1.02984,-0.0150924
0.440094,1.02984,-0.0150924
0.440094,1.02984,-0.0150924
0.440094,1.02984,-0.0150924
0.440094,1.02984,-0.0150924
0.433551,1.02994,-0.0158438
0.433551,1.02994,-0.0158438
0.426975,1.03004,-0.0161468
0.426975,1.03004,-0.0161468
0.426975,1.03004,-0.0161468
0.426975,1.03004,-0.0161468
0.420178,1.03015,-0.0161695
0.420178,1.03015,-0.0161695
0.420178,1.03015,-0.0161695
0.420178,1.03015,-0.0161695
0.41358,1.03026,-0.0161941
0.41358,1.03026,-0.0161941
0.41358,1.03026,-0.0161941
0.41358,1.03026,-0.0161941
0.41358,1.03026,-0.0161941
0.40698,1.03037,-0.0162219
0.40698,1.03037,-0.0162219
0.40698,1.03037,-0.0162219
0.40698,1.03037,-0.0162219
0.393578,1.03059,-0.0162869
0.393578,1.03059,-0.0162869
0.393578,1.03059,-0.0162869
0.393578,1.03059,-0.0162869
0.386975,1.03069,-0.0163201
0.386975,1.03069,-0.0163201
0.380173,1.0308,-0.0163441
0.380173,1.0308,-0.0163441
0.380173,1.0308,-0.0163441
0.380173,1.0308,-0.0163441
0.380173,1.0308,-0.0163441
0.373571,1.03091,-0.0163541
0.373571,1.03091,-0.0163541
0.373571,1.03091,-0.0163541
0.373571,1.03091,-0.0163541
0.366971,1.03102,-0.0163399
0.366971,1.03102,-0.0163399
0.366971,1.03102,-0.0163399
0.366971,1.03102,-0.0163399
0.360173,1.03113,-0.0162846
0.360173,1.03113,-0.0162846
0.360173,1.03113,-0.0162846
0.360173,1.03113,-0.0162846
0.360173,1.03113,-0.0162846
0.346978,1.03134,-0.0162011
0.346978,1.03134,-0.0162011
0.346978,1.03134,-0.0162011
0.346978,1.03134,-0.0162011
0.346978,1.03134,-0.0162011
0.340183,1.03145,-0.0161977
0.333619,1.03156,-0.0166464
0.333619,1.03156,-0.0166464
0.333619,1.03156,-0.0166464
0.333619,1.03156,-0.0166464
0.327071,1.03167,-0.0173388
0.327071,1.03167,-0.0173388
0.327071,1.03167,-0.0173388
0.327071,1.03167,-0.0173388
0.327071,1.03167,-0.0173388
0.320278,1.03179,-0.0174059
0.320278,1.03179,-0.0174059
0.320278,1.03179,-0.0174059
0.320278,1.03179,-0.0174059
0.307082,1.03202,-0.0174542
0.307082,1.03202,-0.0174542
0.307082,1.03202,-0.0174542
0.307082,1.03202,-0.0174542
0.307082,1.03202,-0.0174542
0.300282,1.03214,-0.0174841
0.300282,1.03214,-0.0174841
0.294165,1.03225,-0.0183982
0.294165,1.03225,-0.0183982
0.294165,1.03225,-0.0183982
0.294165,1.03225,-0.0183982
0.288956,1.03235,-0.0215014
0.288956,1.03235,-0.0215014
0.288956,1.03235,-0.0215014
0.288956,1.03235,-0.0215014
0.284408,1.03246,-0.0259165
0.284408,1.03246,-0.0259165
0.284408,1.03246,-0.0259165
0.284408,1.03246,-0.0259165
0.284408,1.03246,-0.0259165
0.276799,1.03265,-0.0224259
0.276799,1.03265,-0.0224259
0.276799,1.03265,-0.0224259
0.276799,1.03265,-0.0224259
0.273362,1.03272,-0.0151921
0.273362,1.03272,-0.0151921
0.273362,1.03272,-0.0151921
0.270133,1.03276,-0.00695914
0.270133,1.03276,-0.00695914
0.270133,1.03276,-0.00695914
0.266659,1.03277,0.00296373
0.266659,1.03277,0.00296373
0.266659,1.03277,0.00296373
0.266659,1.03277,0.00296373
0.266659,1.03277,0.00296373
0.262657,1.03273,0.017218
0.262657,1.03273,0.017218
0.262657,1.03273,0.017218
0.262657,1.03273,0.017218
0.25849,1.03263,0.0354151
0.25849,1.03263,0.0354151
0.25849,1.03263,0.0354151
0.25849,1.03263,0.0354151
0.25849,1.03263,0.0354151
0.249247,1.03211,0.076272
0.249247,1.03211,0.076272
0.249247,1.03211,0.076272
0.249247,1.03211,0.076272
0.249247,1.03211,0.076272
0.244334,1.0317,0.091058
0.239306,1.03121,0.100907
0.239306,1.03121,0.100907
0.239306,1.03121,0.100907
0.234429,1.0307,0.111421
0.234429,1.0307,0.111421
0.234429,1.0307,0.111421
0.234429,1.0307,0.111421
0.234429,1.0307,0.111421
0.229934,1.03018,0.119415
0.229934,1.03018,0.119415
0.229934,1.03018,0.119415
0.229934,1.03018,0.119415
0.229934,1.03018,0.119415
0.22565,1.02965,0.124461
0.22565,1.02965,0.124461
0.22565,1.02965,0.124461
0.22565,1.02965,0.124461
0.221495,1.02913,0.125994
0.221495,1.02913,0.125994
0.221495,1.02913,0.125994
0.221495,1.02913,0.125994
0.214323,1.02824,0.116229
0.214323,1.02824,0.116229
0.214323,1.02824,0.116229
0.214323,1.02824,0.116229
0.214323,1.02824,0.116229
0.21087,1.02785,0.107714
0.207514,1.0275,0.0994445
0.207514,1.0275,0.0994445
0.207514,1.0275,0.0994445
0.204156,1.02718,0.0911714
0.204156,1.02718,0.0911714
0.204156,1.02718,0.0911714
0.204156,1.02718,0.0911714
0.204156,1.02718,0.0911714
0.200692,1.02687,0.082644
0.200692,1.02687,0.082644
0.200692,1.02687,0.082644
0.200692,1.02687,0.082644
0.200692,1.02687,0.082644
0.193959,1.02637,0.0660805
0.193959,1.02637,0.0660805
0.193959,1.02637,0.0660805
0.193959,1.02637,0.0660805
0.190487,1.02615,0.0575436
0.190487,1.02615,0.0575436
0.190487,1.02615,0.0575436
0.187115,1.02597,0.0492589
0.187115,1.02597,0.0492589
0.187115,1.02597,0.0492589
0.187115,1.02597,0.0492589
0.183742,1.02581,0.0409795
0.183742,1.02581,0.0409795
0.183742,1.02581,0.0409795
0.183742,1.02581,0.0409795
0.183742,1.02581,0.0409795
0.180266,1.02568,0.0324576
0.180266,1.02568,0.0324576
0.180266,1.02568,0.0324576
0.180266,1.02568,0.0324576
0.176892,1.02559,0.0241994
0.176892,1.02559,0.0241994
0.176892,1.02559,0.0241994
0.176892,1.02559,0.0241994
0.170068,1.02547,0.00773467
0.170068,1.02547,0.00773467
0.170068,1.02547,0.00773467
0.170068,1.02547,0.00773467
0.170068,1.02547,0.00773467
0.166766,1.02546,0.000303729
0.163247,1.02547,-0.00306349
0.163247,1.02547,-0.00306349
0.163247,1.02547,-0.00306349
0.159123,1.02548,-0.0010325
0.159123,1.02548,-0.0010325
0.159123,1.02548,-0.0010325
0.159123,1.02548,-0.0010325
0.159123,1.02548,-0.0010325
0.154576,1.02547,0.00329343
0.154576,1.02547,0.00329343
0.154576,1.02547,0.00329343
0.154576,1.02547,0.00329343
0.154576,1.02547,0.00329343
0.149454,1.02544,0.00771406
0.149454,1.02544,0.00771406
0.149454,1.02544,0.00771406
0.149454,1.02544,0.00771406
0.137267,1.02533,0.00901926
0.137267,1.02533,0.00901926
0.137267,1.02533,0.00901926
0.137267,1.02533,0.00901926
0.137267,1.02533,0.00901926
0.130729,1.02527,0.00817143
0.123962,1.02522,0.00770168
0.123962,1.02522,0.00770168
0.123962,1.02522,0.00770168
0.123962,1.02522,0.00770168
0.117364,1.02517,0.00765618
0.117364,1.02517,0.00765618
0.117364,1.02517,0.00765618
0.117364,1.02517,0.00765618
0.117364,1.02517,0.00765618
0.110764,1.02512,0.0076221
0.110764,1.02512,0.0076221
0.110764,1.02512,0.0076221
0.110764,1.02512,0.0076221
0.103963,1.02506,0.00757791
0.103963,1.02506,0.00757791
0.103963,1.02506,0.00757791
0.103963,1.02506,0.00757791
0.0907602,1.02496,0.0074981
0.0907602,1.02496,0.0074981
0.0907602,1.02496,0.0074981
0.0907602,1.02496,0.0074981
0.0907602,1.02496,0.0074981
0.0839595,1.02491,0.00748059
0.0839595,1.02491,0.00748059
0.077365,1.02486,0.00753995
0.077365,1.02486,0.00753995
0.077365,1.02486,0.00753995
0.077365,1.02486,0.00753995
0.0708109,1.02481,0.00806095
0.0708109,1.02481,0.00806095
0.0708109,1.02481,0.00806095
0.0708109,1.02481,0.00806095
0.064035,1.02476,0.0083396
0.064035,1.02476,0.0083396
0.064035,1.02476,0.0083396
0.064035,1.02476,0.0083396
0.064035,1.02476,0.0083396
0.0574375,1.0247,0.00838448
0.0574375,1.0247,0.00838448
0.0574375,1.0247,0.00838448
0.0574375,1.0247,0.00838448
0.0440401,1.02459,0.00847942
-0.0034394,1.02564,-1.60176
-0.00919361,0.979933,1.41195
-0.00919361,0.979933,1.41195
-0.0102373,0.973416,1.41197
-0.0102373,0.973416,1.41197
-0.0102373,0.973416,1.41197
-0.0102373,0.973416,1.41197
-0.0102373,0.973416,1.41197
-0.0112083,0.967328,1.41408
-0.0112083,0.967328,1.41408
-0.0112083,0.967328,1.41408
-0.0112083,0.967328,1.41408
-0.0112083,0.967328,1.41408
-0.0120542,0.961874,1.42106
-0.0120542,0.961874,1.42106
-0.0120542,0.961874,1.42106
-0.0120542,0.961874,1.42106
-0.0132474,0.953312,1.45007
-0.0132474,0.953312,1.45007
-0.0132474,0.953312,1.45007
-0.0132474,0.953312,1.45007
-0.0132474,0.953312,1.45007
-0.0136922,0.949401,1.46717
-0.0140533,0.945688,1.48249
-0.0140533,0.945688,1.48249
-0.0140533,0.945688,1.48249
-0.0140533,0.945688,1.48249
-0.0143494,0.942109,1.49583
-0.0143494,0.942109,1.49583
-0.0143494,0.942109,1.49583
-0.0143494,0.942109,1.49583
-0.0143494,0.942109,1.49583
-0.0145939,0.938634,1.50651
-0.0145939,0.938634,1.50651
-0.0145939,0.938634,1.50651
-0.0145939,0.938634,1.50651
-0.0145939,0.938634,1.50651
-0.0147898,0.935415,1.5147
-0.0147898,0.935415,1.5147
-0.0147898,0.935415,1.5147
-0.0147898,0.935415,1.5147
-0.0151069,0.92887,1.53135
-0.0151069,0.92887,1.53135
-0.0151069,0.92887,1.53135
-0.0151069,0.92887,1.53135
-0.015223,0.925644,1.53955
-0.015223,0.925644,1.53955
-0.0153127,0.922417,1.54775
-0.0153127,0.922417,1.54775
-0.0153127,0.922417,1.54775
-0.0153127,0.922417,1.54775
-0.0153775,0.919091,1.5562
-0.0153775,0.919091,1.5562
-0.0153775,0.919091,1.5562
-0.0153775,0.919091,1.5562
-0.0154134,0.915862,1.56441
-0.0154134,0.915862,1.56441
-0.0154134,0.915862,1.56441
-0.0154134,0.915862,1.56441
-0.0154134,0.915862,1.56441
-0.0154233,0.912346,1.57365
-0.0154233,0.912346,1.57365
-0.0154233,0.912346,1.57365
-0.0154233,0.912346,1.57365
-0.0152824,0.903659,1.60431
-0.0152824,0.903659,1.60431
-0.0152824,0.903659,1.60431
-0.0152824,0.903659,1.60431
-0.0152824,0.903659,1.60431
-0.015079,0.898931,1.62531
-0.0147826,0.894188,1.64086
-0.0147826,0.894188,1.64086
-0.0147826,0.894188,1.64086
-0.0147826,0.894188,1.64086
-0.0144573,0.88976,1.64617
-0.0144573,0.88976,1.64617
-0.0144573,0.88976,1.64617
-0.0144573,0.88976,1.64617
-0.0144573,0.88976,1.64617
-0.0141529,0.885736,1.64583
-0.0141529,0.885736,1.64583
-0.0141529,0.885736,1.64583
-0.0141529,0.885736,1.64583
-0.0138788,0.882014,1.641
-0.0138788,0.882014,1.641
-0.0138788,0.882014,1.641
-0.0138788,0.882014,1.641
-0.0138788,0.882014,1.641
-0.0134553,0.875272,1.62471
-0.0134553,0.875272,1.62471
-0.0134553,0.875272,1.62471
-0.0134553,0.875272,1.62471
-0.0132805,0.8718,1.61625
-0.0131389,0.868429,1.60803
-0.0131389,0.868429,1.60803
-0.0131389,0.868429,1.60803
-0.0131389,0.868429,1.60803
-0.0130251,0.865056,1.5998
-0.0130251,0.865056,1.5998
-0.0130251,0.865056,1.5998
-0.0130251,0.865056,1.5998
-0.0130251,0.865056,1.5998
-0.0129368,0.86158,1.59131
-0.0129368,0.86158,1.59131
-0.0129368,0.86158,1.59131
-0.0129368,0.86158,1.59131
-0.0128793,0.858206,1.58307
-0.0128793,0.858206,1.58307
-0.0128793,0.858206,1.58307
-0.0128793,0.858206,1.58307
-0.0128484,0.85136,1.56624
-0.0128484,0.85136,1.56624
-0.0128484,0.85136,1.56624
-0.0128484,0.85136,1.56624
-0.0128484,0.85136,1.56624
-0.0128817,0.84775,1.55444
-0.0128817,0.84775,1.55444
-0.0129794,0.843647,1.537
-0.0129794,0.843647,1.537
-0.0129794,0.843647,1.537
-0.0129794,0.843647,1.537
-0.0131867,0.838884,1.51517
-0.0131867,0.838884,1.51517
-0.0131867,0.838884,1.51517
-0.0131867,0.838884,1.51517
-0.0134929,0.83409,1.49832
-0.0134929,0.83409,1.49832
-0.0134929,0.83409,1.49832
-0.0134929,0.83409,1.49832
-0.0134929,0.83409,1.49832
-0.0138512,0.829391,1.49165
-0.0138512,0.829391,1.49165
-0.0138512,0.829391,1.49165
-0.0138512,0.829391,1.49165
-0.0145672,0.820734,1.48521
-0.0145672,0.820734,1.48521
-0.0145672,0.820734,1.48521
-0.0145672,0.820734,1.48521
-0.0149093,0.816761,1.48489
-0.0149093,0.816761,1.48489
-0.0152498,0.812792,1.48596
-0.0152498,0.812792,1.48596
-0.0152498,0.812792,1.48596
-0.0152498,0.812792,1.48596
-0.0155682,0.809013,1.48785
-0.0155682,0.809013,1.48785
-0.0155682,0.809013,1.48785
-0.0155682,0.809013,1.48785
-0.0155682,0.809013,1.48785
-0.0158764,0.805266,1.49009
-0.0158764,0.805266,1.49009
-0.0158764,0.805266,1.49009
-0.0158764,0.805266,1.49009
-0.0161802,0.801458,1.49302
-0.0161802,0.801458,1.49302
-0.0161802,0.801458,1.49302
-0.0161802,0.801458,1.49302
-0.0161802,0.801458,1.49302
-0.0166995,0.794448,1.50305
-0.0166995,0.794448,1.50305
-0.0166995,0.794448,1.50305
-0.0166995,0.794448,1.50305
-0.0169145,0.791111,1.51134
-0.0170949,0.787891,1.51963
-0.0170949,0.787891,1.51963
-0.0170949,0.787891,1.51963
-0.0170949,0.787891,1.51963
-0.0172485,0.78467,1.52793
-0.0172485,0.78467,1.52793
-0.0172485,0.78467,1.52793
-0.0172485,0.78467,1.52793
-0.0172485,0.78467,1.52793
-0.0173789,0.781351,1.53648
-0.0173789,0.781351,1.53648
-0.0173789,0.781351,1.53648
-0.0173789,0.781351,1.53648
-0.0174783,0.778127,1.54478
-0.0174783,0.778127,1.54478
-0.0174783,0.778127,1.54478
-0.0174783,0.778127,1.54478
-0.0175979,0.771581,1.56162
-0.0175979,0.771581,1.56162
-0.0175979,0.771581,1.56162
-0.0175979,0.771581,1.56162
-0.0175979,0.771581,1.56162
-0.0176163,0.768356,1.5699
-0.0176163,0.768356,1.5699
-0.0176094,0.764911,1.57481
-0.0176094,0.764911,1.57481
-0.0176094,0.764911,1.57481
-0.0176094,0.764911,1.57481
-0.0175945,0.760926,1.57264
-0.0175945,0.760926,1.57264
-0.0175945,0.760926,1.57264
-0.0175945,0.760926,1.57264
-0.0175945,0.760926,1.57264
-0.0175999,0.756592,1.5645
-0.0175999,0.756592,1.5645
-0.0175999,0.756592,1.5645
-0.0175999,0.756592,1.5645
-0.0178079,0.746075,1.53565
-0.0178079,0.746075,1.53565
-0.0178079,0.746075,1.53565
-0.0178079,0.746075,1.53565
-0.0178079,0.746075,1.53565
-0.0180439,0.74029,1.52423
-0.0180439,0.74029,1.52423
-0.0183258,0.734524,1.52054
-0.0183258,0.734524,1.52054
-0.0183258,0.734524,1.52054
-0.0183258,0.734524,1.52054
-0.0185908,0.729312,1.51875
-0.0185908,0.729312,1.51875
-0.0185908,0.729312,1.51875
-0.0185908,0.729312,1.51875
-0.0185908,0.729312,1.51875
-0.0188196,0.725027,1.51586
-0.0188196,0.725027,1.51586
-0.0188196,0.725027,1.51586
-0.0188196,0.725027,1.51586
-0.0190311,0.721165,1.51689
-0.0190311,0.721165,1.51689
-0.0190311,0.721165,1.51689
-0.0190311,0.721165,1.51689
-0.0193668,0.714302,1.53005
-0.0193668,0.714302,1.53005
-0.0193668,0.714302,1.53005
-0.0193668,0.714302,1.53005
-0.0193668,0.714302,1.53005
-0.0194872,0.711075,1.53827
-0.0195835,0.707749,1.54675
-0.0195835,0.707749,1.54675
-0.0195835,0.707749,1.54675
-0.0195835,0.707749,1.54675
-0.01965,0.704521,1.55499
-0.01965,0.704521,1.55499
-0.01965,0.704521,1.55499
-0.01965,0.704521,1.55499
-0.0196899,0.701292,1.56323
-0.0196899,0.701292,1.56323
-0.0196899,0.701292,1.56323
-0.0196899,0.701292,1.56323
-0.0196899,0.701292,1.56323
-0.0197012,0.697791,1.57442
-0.0197012,0.697791,1.57442
-0.0197012,0.697791,1.57442
-0.0197012,0.697791,1.57442
-0.0195577,0.690151,1.6082
-0.0195577,0.690151,1.6082
-0.0195577,0.690151,1.6082
-0.0195577,0.690151,1.6082
-0.0193515,0.685759,1.62628
-0.0193515,0.685759,1.62628
-0.0190705,0.681255,1.6388
-0.0190705,0.681255,1.6388
-0.0190705,0.681255,1.6388
-0.0190705,0.681255,1.6388
-0.0190705,0.681255,1.6388
-0.018735,0.676548,1.64506
-0.018735,0.676548,1.64506
-0.018735,0.676548,1.64506
-0.018735,0.676548,1.64506
-0.0183771,0.671922,1.6519
-0.0183771,0.671922,1.6519
-0.0183771,0.671922,1.6519
-0.0183771,0.671922,1.6519
-0.0183771,0.671922,1.6519
-0.0176582,0.663511,1.65932
-0.0176582,0.663511,1.65932
-0.0176582,0.663511,1.65932
-0.0176582,0.663511,1.65932
-0.0173017,0.659493,1.65868
-0.0173017,0.659493,1.65868
-0.0169868,0.655855,1.65434
-0.0169868,0.655855,1.65434
-0.0169868,0.655855,1.65434
-0.0169868,0.655855,1.65434
-0.0169868,0.655855,1.65434
-0.0167136,0.652464,1.64648
-0.0167136,0.652464,1.64648
-0.0167136,0.652464,1.64648
-0.0167136,0.652464,1.64648
-0.0164634,0.648998,1.63796
-0.0164634,0.648998,1.63796
-0.0164634,0.648998,1.63796
-0.0164634,0.648998,1.63796
-0.0164634,0.648998,1.63796
-0.0162488,0.645631,1.62969
-0.0162488,0.645631,1.62969
-0.0162488,0.645631,1.62969
-0.0162488,0.645631,1.62969
-0.0158987,0.638788,1.61288
-0.0158987,0.638788,1.61288
-0.0158987,0.638788,1.61288
-0.0158987,0.638788,1.61288
-0.0158987,0.638788,1.61288
-0.0157685,0.635415,1.6046
-0.0156662,0.632041,1.59632
-0.0156662,0.632041,1.59632
-0.0156662,0.632041,1.59632
-0.0156662,0.632041,1.59632
-0.0155901,0.628563,1.58778
-0.0155901,0.628563,1.58778
-0.0155901,0.628563,1.58778
-0.0155901,0.628563,1.58778
-0.0155446,0.625186,1.57949
-0.0155446,0.625186,1.57949
-0.0155446,0.625186,1.57949
-0.0155446,0.625186,1.57949
-0.0155446,0.625186,1.57949
-0.0155247,0.621508,1.57346
-0.0155247,0.621508,1.57346
-0.0155247,0.621508,1.57346
-0.0155247,0.621508,1.57346
-0.0154988,0.612442,1.57755
-0.0154988,0.612442,1.57755
-0.0154988,0.612442,1.57755
-0.0154988,0.612442,1.57755
-0.0154409,0.607353,1.58877
-0.0154409,0.607353,1.58877
-0.0153044,0.601813,1.6029
-0.0153044,0.601813,1.6029
-0.0153044,0.601813,1.6029
-0.0153044,0.601813,1.6029
-0.0153044,0.601813,1.6029
-0.0151091,0.596435,1.60992
-0.0151091,0.596435,1.60992
-0.0151091,0.596435,1.60992
-0.0151091,0.596435,1.60992
-0.0149108,0.591474,1.61184
-0.0149108,0.591474,1.61184
-0.0149108,0.591474,1.61184
-0.0149108,0.591474,1.61184
-0.0147239,0.587062,1.61448
-0.0147239,0.587062,1.61448
-0.0147239,0.587062,1.61448
-0.0147239,0.587062,1.61448
-0.0147239,0.587062,1.61448
-0.0143978,0.579468,1.61008
-0.0143978,0.579468,1.61008
-0.0143978,0.579468,1.61008
-0.0143978,0.579468,1.61008
-0.0142675,0.575898,1.60295
-0.0141709,0.572526,1.59472
-0.0141709,0.572526,1.59472
-0.0141709,0.572526,1.59472
-0.0141709,0.572526,1.59472
-0.0141709,0.572526,1.59472
-0.0141021,0.569153,1.58648
-0.0141021,0.569153,1.58648
-0.0141021,0.569153,1.58648
-0.0141021,0.569153,1.58648
-0.0140602,0.565676,1.57799
-0.0140602,0.565676,1.57799
-0.0140602,0.565676,1.57799
-0.0140602,0.565676,1.57799
-0.0140511,0.562055,1.56619
-0.0140511,0.562055,1.56619
-0.0140511,0.562055,1.56619
-0.0140511,0.562055,1.56619
-0.0140511,0.562055,1.56619
-0.0142663,0.553199,1.52214
-0.0142663,0.553199,1.52214
-0.0142663,0.553199,1.52214
-0.0142663,0.553199,1.52214
-0.0145588,0.548295,1.49835
-0.0145588,0.548295,1.49835
-0.0149556,0.543378,1.4821
-0.0149556,0.543378,1.4821
-0.0149556,0.543378,1.4821
-0.0149556,0.543378,1.4821
-0.0154079,0.538469,1.47623
-0.0154079,0.538469,1.47623
-0.0154079,0.538469,1.47623
-0.0154079,0.538469,1.47623
-0.0154079,0.538469,1.47623
-0.0158265,0.534122,1.47256
-0.0158265,0.534122,1.47256
-0.0158265,0.534122,1.47256
-0.0158265,0.534122,1.47256
-0.0162277,0.530073,1.47133
-0.0162277,0.530073,1.47133
-0.0162277,0.530073,1.47133
-0.0162277,0.530073,1.47133
-0.0169737,0.522488,1.47602
-0.0169737,0.522488,1.47602
-0.0169737,0.522488,1.47602
-0.0169737,0.522488,1.47602
-0.0169737,0.522488,1.47602
-0.0173013,0.518971,1.48083
-0.0176116,0.515434,1.48677
-0.0176116,0.515434,1.48677
-0.0176116,0.515434,1.48677
-0.0176116,0.515434,1.48677
-0.017889,0.512036,1.49298
-0.017889,0.512036,1.49298
-0.017889,0.512036,1.49298
-0.017889,0.512036,1.49298
-0.017889,0.512036,1.49298
-0.0181422,0.508676,1.49962
-0.0181422,0.508676,1.49962
-0.0181422,0.508676,1.49962
-0.0181422,0.508676,1.49962
-0.0183712,0.505313,1.50761
-0.0183712,0.505313,1.50761
-0.0183712,0.505313,1.50761
-0.0183712,0.505313,1.50761
-0.0187286,0.498877,1.52422
-0.0187286,0.498877,1.52422
-0.0187286,0.498877,1.52422
-0.0187286,0.498877,1.52422
-0.0187286,0.498877,1.52422
-0.0188712,0.495558,1.53277
-0.0189826,0.492335,1.54107
-0.0189826,0.492335,1.54107
-0.0189826,0.492335,1.54107
-0.0189826,0.492335,1.54107
-0.0189826,0.492335,1.54107
-0.0190671,0.489112,1.54937
-0.0190671,0.489112,1.54937
-0.0190671,0.489112,1.54937
-0.0190671,0.489112,1.54937
-0.0191263,0.485791,1.55792
-0.0191263,0.485791,1.55792
-0.0191263,0.485791,1.55792
-0.0191263,0.485791,1.55792
-0.0191263,0.485791,1.55792
-0.0191601,0.479343,1.57449
-0.0191601,0.479343,1.57449
-0.0191601,0.479343,1.57449
-0.0191601,0.479343,1.57449
-0.0191359,0.475819,1.57942
-0.0191359,0.475819,1.57942
-0.0191039,0.47202,1.5775
-0.0191039,0.47202,1.5775
-0.0191039,0.47202,1.5775
-0.0191039,0.47202,1.5775
-0.0191039,0.47202,1.5775
-0.0190865,0.467761,1.57046
-0.0190865,0.467761,1.57046
-0.0190865,0.467761,1.57046
-0.0190865,0.467761,1.57046
-0.0191129,0.462777,1.55875
-0.0191129,0.462777,1.55875
-0.0191129,0.462777,1.55875
-0.0191129,0.462777,1.55875
-0.0192135,0.45731,1.5448
-0.0192135,0.45731,1.5448
-0.0192135,0.45731,1.5448
-0.0192135,0.45731,1.5448
-0.0192135,0.45731,1.5448
-0.0196493,0.445018,1.52926
-0.0196493,0.445018,1.52926
-0.0196493,0.445018,1.52926
-0.0196493,0.445018,1.52926
-0.0199059,0.439027,1.52627
-0.0199059,0.439027,1.52627
-0.0201456,0.433804,1.52241
-0.0201456,0.433804,1.52241
-0.0201456,0.433804,1.52241
-0.0201456,0.433804,1.52241
-0.0203803,0.429184,1.51701
-0.0203803,0.429184,1.51701
-0.0203803,0.429184,1.51701
-0.0203803,0.429184,1.51701
-0.0206039,0.425088,1.51542
-0.0206039,0.425088,1.51542
-0.0206039,0.425088,1.51542
-0.0206039,0.425088,1.51542
-0.0208127,0.421287,1.51715
-0.0208127,0.421287,1.51715
-0.0208127,0.421287,1.51715
-0.0208127,0.421287,1.51715
-0.0211569,0.414293,1.52886
-0.0211569,0.414293,1.52886
-0.0211569,0.414293,1.52886
-0.0211569,0.414293,1.52886
-0.0211569,0.414293,1.52886
-0.0212813,0.411066,1.5371
-0.0212813,0.411066,1.5371
-0.0213816,0.407741,1.5456
-0.0213816,0.407741,1.5456
-0.0213816,0.407741,1.5456
-0.0213816,0.407741,1.5456
-0.0213816,0.407741,1.5456
-0.021452,0.404514,1.55386
-0.021452,0.404514,1.55386
-0.021452,0.404514,1.55386
-0.021452,0.404514,1.55386
-0.0214953,0.401291,1.56218
-0.0214953,0.401291,1.56218
-0.0214953,0.401291,1.56218
-0.0214953,0.401291,1.56218
-0.0215114,0.397869,1.57223
-0.0215114,0.397869,1.57223
-0.0215114,0.397869,1.57223
-0.0215114,0.397869,1.57223
-0.0215114,0.397869,1.57223
-0.0214217,0.390583,1.59131
-0.0214217,0.390583,1.59131
-0.0214217,0.390583,1.59131
-0.0214217,0.390583,1.59131
-0.0213256,0.386478,1.59492
-0.0212201,0.382144,1.5943
-0.0212201,0.382144,1.5943
-0.0212201,0.382144,1.5943
-0.0212201,0.382144,1.5943
-0.0212201,0.382144,1.5943
-0.021118,0.377759,1.59406
-0.021118,0.377759,1.59406
-0.021118,0.377759,1.59406
-0.021118,0.377759,1.59406
-0.0210204,0.373593,1.59433
-0.0210204,0.373593,1.59433
-0.0210204,0.373593,1.59433
-0.0210204,0.373593,1.59433
-0.0209387,0.369912,1.59042
-0.0209387,0.369912,1.59042
-0.0209387,0.369912,1.59042
-0.0209387,0.369912,1.59042
-0.0209387,0.369912,1.59042
-0.020855,0.363043,1.57398
-0.020855,0.363043,1.57398
-0.020855,0.363043,1.57398
-0.020855,0.363043,1.57398
-0.020856,0.35967,1.56572
-0.020856,0.35967,1.56572
-0.0208895,0.355905,1.557
-0.0208895,0.355905,1.557
-0.0208895,0.355905,1.557
-0.0209744,0.351213,1.54767
-0.0209744,0.351213,1.54767
-0.0209744,0.351213,1.54767
-0.0209744,0.351213,1.54767
-0.0209744,0.351213,1.54767
-0.0211195,0.345862,1.53939
-0.0211195,0.345862,1.53939
-0.0211195,0.345862,1.53939
-0.0211195,0.345862,1.53939
-0.0211195,0.345862,1.53939
-0.0214815,0.335046,1.5352
-0.0214815,0.335046,1.5352
-0.0214815,0.335046,1.5352
-0.0214815,0.335046,1.5352
-0.0216432,0.33069,1.53158
-0.0216432,0.33069,1.53158
-0.0216432,0.33069,1.53158
-0.0218019,0.326683,1.53103
-0.0218019,0.326683,1.53103
-0.0218019,0.326683,1.53103
-0.0218019,0.326683,1.53103
-0.0219525,0.322823,1.5335
-0.0219525,0.322823,1.5335
-0.0219525,0.322823,1.5335
-0.0219525,0.322823,1.5335
-0.0220778,0.319293,1.53833
-0.0220778,0.319293,1.53833
-0.0220778,0.319293,1.53833
-0.0220778,0.319293,1.53833
-0.0220778,0.319293,1.53833
-0.0221781,0.315928,1.54503
-0.0221781,0.315928,1.54503
-0.0221781,0.315928,1.54503
-0.0221781,0.315928,1.54503
-0.0222986,0.30936,1.56164
-0.0222986,0.30936,1.56164
-0.0222986,0.30936,1.56164
-0.0222986,0.30936,1.56164
-0.0223168,0.30614,1.56999
-0.0223168,0.30614,1.56999
-0.022307,0.302745,1.57964
-0.022307,0.302745,1.57964
-0.022307,0.302745,1.57964
-0.022307,0.302745,1.57964
-0.022307,0.302745,1.57964
-0.0222563,0.299284,1.58904
-0.0222563,0.299284,1.58904
-0.0222563,0.299284,1.58904
-0.0222563,0.299284,1.58904
-0.0221721,0.295662,1.59553
-0.0221721,0.295662,1.59553
-0.0221721,0.295662,1.59553
-0.0221721,0.295662,1.59553
-0.0219546,0.28749,1.59704
-0.0219546,0.28749,1.59704
-0.0219546,0.28749,1.59704
-0.0219546,0.28749,1.59704
-0.0219546,0.28749,1.59704
-0.0218484,0.28344,1.5972
-0.0218484,0.28344,1.5972
-0.0217515,0.2796,1.59387
-0.0217515,0.2796,1.59387
-0.0217515,0.2796,1.59387
-0.0217515,0.2796,1.59387
-0.0216823,0.276171,1.58644
-0.0216823,0.276171,1.58644
-0.0216823,0.276171,1.58644
-0.0216823,0.276171,1.58644
-0.0216413,0.2728,1.57819
-0.0216413,0.2728,1.57819
-0.0216413,0.2728,1.57819
-0.0216413,0.2728,1.57819
-0.0216413,0.2728,1.57819
-0.0216281,0.268946,1.56882
-0.0216281,0.268946,1.56882
-0.0216281,0.268946,1.56882
-0.0216281,0.268946,1.56882
-0.021749,0.259185,1.54759
-0.021749,0.259185,1.54759
-0.021749,0.259185,1.54759
-0.021749,0.259185,1.54759
-0.021749,0.259185,1.54759
-0.0219204,0.253024,1.53883
-0.0221199,0.247175,1.53497
-0.0221199,0.247175,1.53497
-0.0221199,0.247175,1.53497
-0.0221199,0.247175,1.53497
-0.0221199,0.247175,1.53497
-0.0223082,0.242046,1.5323
-0.0223082,0.242046,1.5323
-0.0223082,0.242046,1.5323
-0.0223082,0.242046,1.5323
-0.022489,0.237555,1.52844
-0.022489,0.237555,1.52844
-0.022489,0.237555,1.52844
-0.022489,0.237555,1.52844
-0.0226563,0.233614,1.52863
-0.0226563,0.233614,1.52863
-0.0226563,0.233614,1.52863
-0.0226563,0.233614,1.52863
-0.0226563,0.233614,1.52863
-0.022925,0.226579,1.53992
-0.022925,0.226579,1.53992
-0.022925,0.226579,1.53992
-0.022925,0.226579,1.53992
-0.0230136,0.22335,1.54816
-0.0230136,0.22335,1.54816
-0.0230757,0.220121,1.5564
-0.0230757,0.220121,1.5564
-0.0230757,0.220121,1.5564
-0.0230757,0.220121,1.5564
-0.0231118,0.216794,1.5649
-0.0231118,0.216794,1.5649
-0.0231118,0.216794,1.5649
-0.0231118,0.216794,1.5649
-0.0231118,0.216794,1.5649
-0.0231205,0.21345,1.57417
-0.0231205,0.21345,1.57417
-0.0231205,0.21345,1.57417
-0.0231205,0.21345,1.57417
-0.0230963,0.209965,1.58532
-0.0230963,0.209965,1.58532
-0.0230963,0.209965,1.58532
-0.0230963,0.209965,1.58532
-0.0229013,0.20255,1.60392
-0.0229013,0.20255,1.60392
-0.0229013,0.20255,1.60392
-0.0229013,0.20255,1.60392
-0.0227585,0.198569,1.60751
-0.0227585,0.198569,1.60751
-0.0225876,0.194038,1.60888
-0.0225876,0.194038,1.60888
-0.0225876,0.194038,1.60888
-0.0225876,0.194038,1.60888
-0.0225876,0.194038,1.60888
-0.022418,0.18962,1.60927
-0.022418,0.18962,1.60927
-0.022418,0.18962,1.60927
-0.022418,0.18962,1.60927
-0.0222636,0.185612,1.6089
-0.0222636,0.185612,1.6089
-0.0222636,0.185612,1.6089
-0.0222636,0.185612,1.6089
-0.0221316,0.181958,1.60296
-0.0221316,0.181958,1.60296
-0.0221316,0.181958,1.60296
-0.0221316,0.181958,1.60296
-0.0221316,0.181958,1.60296
-0.0219661,0.175215,1.58645
-0.0219661,0.175215,1.58645
-0.0219661,0.175215,1.58645
-0.0219661,0.175215,1.58645
-0.0219243,0.17174,1.57794
-0.0219113,0.167952,1.56971
-0.0219113,0.167952,1.56971
-0.0219113,0.167952,1.56971
-0.0219113,0.167952,1.56971
-0.0219113,0.167952,1.56971
-0.0219332,0.163347,1.56194
-0.0219332,0.163347,1.56194
-0.0219332,0.163347,1.56194
-0.0219332,0.163347,1.56194
-0.0219332,0.163347,1.56194
-0.0220014,0.157748,1.55524
-0.0220014,0.157748,1.55524
-0.0220014,0.157748,1.55524
-0.0221116,0.151535,1.55129
-0.0221116,0.151535,1.55129
-0.0221116,0.151535,1.55129
-0.0221116,0.151535,1.55129
-0.0221116,0.151535,1.55129
-0.0223755,0.13814,1.55109
-0.0223755,0.13814,1.55109
-0.0223755,0.13814,1.55109
-0.0223755,0.13814,1.55109
-0.0223755,0.13814,1.55109
-0.0225033,0.131797,1.5489
-0.0226462,0.125874,1.54293
-0.0226462,0.125874,1.54293
-0.0226462,0.125874,1.54293
-0.0226462,0.125874,1.54293
-0.0228304,0.120099,1.53297
-0.0228304,0.120099,1.53297
-0.0228304,0.120099,1.53297
-0.0228304,0.120099,1.53297
-0.0230597,0.114784,1.52073
-0.0230597,0.114784,1.52073
-0.0230597,0.114784,1.52073
-0.0230597,0.114784,1.52073
-0.0230597,0.114784,1.52073
-0.0233428,0.109729,1.50842
-0.0233428,0.109729,1.50842
-0.0233428,0.109729,1.50842
-0.0233428,0.109729,1.50842
-0.0240356,0.100197,1.4916
-0.0240356,0.100197,1.4916
-0.0240356,0.100197,1.4916
-0.0240356,0.100197,1.4916
-0.0240356,0.100197,1.4916
-0.0243837,0.0959386,1.48827
-0.0247198,0.0919077,1.48857
-0.0247198,0.0919077,1.48857
-0.0247198,0.0919077,1.48857
-0.0247198,0.0919077,1.48857
-0.0250054,0.0883793,1.49325
-0.0250054,0.0883793,1.49325
-0.0250054,0.0883793,1.49325
-0.0250054,0.0883793,1.49325
-0.0250054,0.0883793,1.49325
-0.0252452,0.0851543,1.50135
-0.0252452,0.0851543,1.50135
-0.0252452,0.0851543,1.50135
-0.0252452,0.0851543,1.50135
-0.0254636,0.0818426,1.50985
-0.0254636,0.0818426,1.50985
-0.0254636,0.0818426,1.50985
-0.0254636,0.0818426,1.50985
-0.0258071,0.0754078,1.52636
-0.0258071,0.0754078,1.52636
-0.0258071,0.0754078,1.52636
-0.0258071,0.0754078,1.52636
-0.0258071,0.0754078,1.52636
-0.0259427,0.0720901,1.53486
-0.0260473,0.0688685,1.54311
-0.0260473,0.0688685,1.54311
-0.0260473,0.0688685,1.54311
-0.0260473,0.0688685,1.54311
-0.0261253,0.0656457,1.55136
-0.0261253,0.0656457,1.55136
-0.0261253,0.0656457,1.55136
-0.0261253,0.0656457,1.55136
-0.0261253,0.0656457,1.55136
-0.0261779,0.062324,1.55987
-0.0261779,0.062324,1.55987
-0.0261779,0.062324,1.55987
-0.0261779,0.062324,1.55987
-0.0261779,0.062324,1.55987
-0.0261994,0.0558738,1.57637
-0.0261994,0.0558738,1.57637
-0.0261994,0.0558738,1.57637
-0.0261994,0.0558738,1.57637
-0.0261647,0.0520903,1.58383
-0.0261647,0.0520903,1.58383
-0.0260939,0.0475532,1.58906
-0.0260939,0.0475532,1.58906
-0.0260939,0.0475532,1.58906
-0.0260939,0.0475532,1.58906
-0.0260939,0.0475532,1.58906
-0.0259872,0.0421735,1.59206
